0 3 3.54884600 11.92543977 -3.10721693 -4.51044189
[Debug:neg] 0.44162907 7.41499789
[Debug:neg] 3 31 0.82029870
1 3 -1.99047507 7.41499789 3.10721693 -4.51044189

0 20 2.85708139 3.26935610 -4.40118807 -4.83750997
0 26 2.25831516 4.68379155 -4.54919320 -4.38895209
[Debug:pos_n] 20 -1.54410668 -1.56815386
1 20 -3.94985564 -3.26926170 -4.58470931 -4.40398695
Problem: p-p collision happen out of square!

0 28 18.96038199 1.97303640 2.68082200 -4.80767282
[Debug:pos_n] 28 21.64120399 -2.83463642
[Debug:neg] 28 32 0.79760761
[Debug:Y wall Colli] Pa: 21.64120399 -0.88856363
1 28 19.00000000 -5.62518718 2.68082200 4.80767282

Hyper Speed case

14 41!
100 20 1 25 print
v1:
13 41 12.56481362 1.00000000 -0.26439970 -6.56941931
13 43 11.93040396 1.00000000 -1.66995628 -2.66713188
13 35 11.65364845 1.00000000 -3.70306203 -1.74143041
[Debug:inconsist] 35 41 0.00000000
[Debug:inconsist] 41 43 0.00000000
[Debug:inconsist] 41 102 -0.00000000
14 41 12.30041392 7.56941931 -0.26439970 6.56941931
v2:
13 41 12.56481362 1.00000000 -0.26439970 -6.56941931
13 43 11.93040396 1.00000000 -1.66995628 -2.66713188
13 35 11.65364845 1.00000000 -3.70306203 -1.74143041
[Debug:inconsist] 35 41 0.00000000
[Debug:inconsist] 41 43 0.00000000
[Debug:inconsist] 41 102 -0.00000000
14 41 12.5648136 1.00000000 -1.66995628 -6.56941931
