0 0 2.94062639 1.10775660 -1.76831586 -2.49140866
0 1 4.87446437 7.12270213 1.28866935 2.35984942
0 2 5.73063784 4.83022948 1.48291900 -1.39381646
0 3 6.58926904 3.84483289 2.38526313 -1.58121449
0 4 4.01995198 5.33296092 2.49933160 -2.30312165
0 5 7.81976177 4.73608787 2.47093449 2.32121618
0 6 2.15371008 7.40529751 2.48223831 1.87470026
0 7 4.75889617 8.76793040 1.36973985 -1.73779383
0 8 6.44536285 1.21335455 1.83592387 1.76926253
0 9 7.37035350 3.53122082 -2.28561664 -1.71131098
0 10 5.82276397 1.19411489 -1.69474074 1.59359640
0 11 7.87853919 8.60815245 2.10104682 -2.45141202
0 12 6.64339799 1.59000981 -2.44648198 1.77347100
0 13 4.05293600 7.69541980 -2.15776400 1.39586362
0 14 2.79130581 3.47670366 -1.72129228 -1.64342054
0 15 7.20183654 3.26667286 2.04108414 -1.88685028
0 16 7.67302883 2.59554280 -2.16250654 1.61649687
0 17 7.16277254 2.71800284 -1.32582834 -1.77114565
0 18 1.92755901 6.48436244 2.36636045 -2.49725025
0 19 1.22378679 2.18451739 2.05167409 -1.97266619
1 0 2.93930782 1.00000000 0.69884749 -4.07727932
1 1 6.44995530 5.39936118 1.57549093 -1.72334095
1 2 8.39514687 3.08917073 2.66450903 -1.74105875
1 3 4.99708754 3.86059637 -1.59218151 0.01576348
1 4 5.33769355 3.37708156 1.31774156 -1.95587937
1 5 9.00000000 5.45705719 2.67636161 -2.42651904
1 6 1.00000000 8.04160694 -2.12343651 1.17114578
1 7 4.86604752 9.00000000 1.08291827 2.34539654
1 8 7.35558231 1.22196275 0.91021946 0.00860820
1 9 8.66479613 1.00000000 1.69182800 -3.30828894
1 10 4.12802323 2.78771129 -1.69474074 1.59359640
1 11 9.00000000 8.00480255 1.89561970 2.29632320
1 12 5.12262042 5.12413513 -1.52077757 3.53412532
1 13 5.57406988 9.00000000 2.44791082 2.09941811
1 14 1.07001352 1.83328312 -1.72129228 -1.64342054
1 15 6.20745983 5.70329955 -0.99437671 2.43662669
1 16 8.18756382 1.00000000 0.87295431 -2.70698009
1 17 5.83694419 1.05314281 -1.32582834 1.77114565
1 18 4.29391947 3.98711219 2.36636045 -2.49725025
1 19 1.00000000 1.94118842 -0.41548926 -0.38679553
2 0 3.63815531 5.07727932 0.69884749 4.07727932
2 1 8.02544623 3.67602023 1.57549093 -1.72334095
2 2 6.94034410 1.34811198 -2.66450903 -1.74105875
2 3 4.13599796 4.77891405 -0.86108957 0.91831768
2 4 7.51409556 1.00000000 2.33521589 -2.55053919
2 5 6.32363839 3.03053815 -2.67636161 -2.42651904
2 6 2.73768873 9.00000000 2.12343651 1.17114578
2 7 5.94896579 6.65460346 1.08291827 -2.34539654
2 8 8.26580177 1.23057096 0.91021946 0.00860820
2 9 9.00000000 1.65547518 1.69182800 3.30828894
2 10 1.70219056 3.47875350 -2.42583268 0.69104221
2 11 8.17846239 9.00000000 -1.89561970 2.29632320
2 12 3.55552293 8.63353159 -1.56709749 3.50939645
2 13 8.02198070 6.90058189 2.44791082 -2.09941811
2 14 1.80275383 1.00000000 1.72129228 -1.64342054
2 15 5.25940304 8.16465510 -0.94805679 2.46135556
2 16 9.00000000 3.51931693 0.87295431 2.70698009
2 17 4.51111585 2.82428846 -1.32582834 1.77114565
2 18 5.64280560 2.08452177 1.34888613 -1.90259042
2 19 1.41548926 1.55439288 0.41548926 -0.38679553
3 0 4.33700280 8.84544136 0.69884749 -4.07727932
3 1 8.22168792 2.17445556 0.19624168 -1.50156467
3 2 6.57693137 1.00000000 -2.44441398 -2.34149693
3 3 3.10054501 6.60578649 -1.03545296 1.82687243
3 4 7.51409556 1.00000000 1.75022504 -2.72997352
3 5 3.42718173 1.20445728 -2.89645666 -1.82608086
3 6 2.73768873 9.00000000 -1.82254440 2.93932491
3 7 7.03188406 4.30920692 1.08291827 -2.34539654
3 8 9.00000000 1.32290613 1.49521031 0.18804253
3 9 7.30817200 4.96376412 -1.69182800 3.30828894
3 10 2.72364212 4.16979571 2.42583268 0.69104221
3 11 6.28284269 6.70367680 -1.89561970 -2.29632320
3 12 4.05619887 9.00000000 2.37888341 1.74121732
3 13 7.53010848 4.80116378 -2.44791082 -2.09941811
3 14 3.52404612 2.64342054 1.72129228 1.64342054
3 15 4.31134625 7.37398934 -0.94805679 -2.46135556
3 16 9.00000000 3.51931693 2.25220356 2.48520382
3 17 3.35965089 3.68687935 -1.15146496 0.86259089
3 18 6.99169173 1.81806866 1.34888613 1.90259042
3 19 1.83097853 1.16759735 0.41548926 -0.38679553
4 0 5.06351676 6.35488764 0.72651397 -2.49055372
4 1 8.17010914 1.00000000 -0.05392411 -1.22785887
4 2 4.13251739 3.34149693 -2.44441398 2.34149693
4 3 2.06509205 8.43265892 -1.03545296 1.82687243
4 4 9.00000000 3.31769041 1.75022504 2.72997352
4 5 3.47943288 1.00000000 0.44694273 -1.74887423
4 6 1.00000000 6.19752684 -1.82254440 -2.93932491
4 7 6.54920729 1.00000000 -0.58186515 -3.98923732
4 8 9.00000000 1.32290613 1.74537610 -0.08566327
4 9 8.02096110 4.24940203 0.72280142 -0.73111157
4 10 4.60582372 5.89758375 1.88218160 1.72778804
4 11 1.98260589 8.43000464 -4.31024912 1.74307731
4 12 6.43508229 7.25878268 2.37888341 -1.74121732
4 13 6.74698108 4.34558645 -0.78312740 -0.45557733
4 14 5.78898948 3.25009525 2.26494336 0.60667471
4 15 3.33562299 3.32590818 -0.97572326 -4.04808116
4 16 6.74779644 6.00452075 -2.25220356 2.48520382
4 17 2.20818593 4.54947025 -1.15146496 0.86259089
4 18 8.34057785 3.72065908 1.34888613 1.90259042
4 19 1.00000000 1.03590757 -2.92791013 -0.46400217
5 0 8.47752616 6.54954435 3.41400940 0.19465671
5 1 8.11618503 2.22785887 -0.05392411 1.22785887
5 2 3.03128804 5.70926906 -1.10122935 2.36777213
5 3 1.02963909 7.74046864 -1.03545296 -1.82687243
5 4 9.00000000 3.31769041 2.93950111 1.59818771
5 5 3.92637562 2.74887423 0.44694273 1.74887423
5 6 2.82254440 3.25820193 1.82254440 -2.93932491
5 7 5.96734214 4.98923732 -0.58186515 3.98923732
5 8 7.25462390 1.23724286 -1.74537610 -0.08566327
5 9 7.55448646 4.65007628 -0.46647464 0.40067424
5 10 3.80050988 4.94016135 -0.80531384 -0.95742239
5 11 1.42686802 9.00000000 4.31024912 1.74307731
5 12 7.01940705 9.00000000 1.11578874 3.32491588
5 13 7.81108825 6.00237548 1.06410717 1.65678902
5 14 6.20669827 1.74440362 0.41770879 -1.50569164
5 15 2.01183922 1.00000000 -2.31890790 -4.07435636
5 16 5.75868756 3.42359137 -0.98910888 -2.58092938
5 17 1.05672097 5.41206114 -1.15146496 0.86259089
5 18 8.31053602 5.62324950 -1.34888613 1.90259042
5 19 1.22658115 1.00000000 2.92791013 -0.46400217
6 0 9.00000000 6.69873677 3.56229805 1.01721429
6 1 8.12320892 3.32993315 0.19223033 0.71984491
6 2 1.93005869 8.07704118 -1.10122935 2.36777213
6 3 2.00581387 5.91359621 1.03545296 -1.82687243
6 4 6.06049889 4.91587812 -2.93950111 1.59818771
6 5 7.29095555 3.15149784 3.36457994 0.40262361
6 6 1.72745159 1.66512764 -1.09509281 -1.59307429
6 7 5.38547699 8.97847464 -0.58186515 3.98923732
6 8 7.36582559 1.00000000 0.56403625 -1.20334118
6 9 7.02706381 5.17653511 -0.71262908 0.90868820
6 10 2.99519605 3.98273896 -0.80531384 -0.95742239
6 11 5.73711714 7.25692269 4.31024912 -1.74307731
6 12 8.13519579 5.67508412 1.11578874 -3.32491588
6 13 8.87519541 7.65916450 1.06410717 1.65678902
6 14 4.31499472 1.35638988 -1.89170355 -0.38801373
6 15 2.01183922 1.00000000 2.92791013 -4.07435636
6 16 4.76957868 1.15733801 -0.98910888 2.58092938
6 17 2.09474399 6.27465203 1.15146496 0.86259089
6 18 6.81336124 6.70328235 -1.49717477 1.08003285
6 19 1.22658115 1.00000000 -2.31890790 -0.46400217
7 0 5.43770195 7.71595106 -3.56229805 1.01721429
7 1 9.00000000 3.70620562 3.16014033 1.35616551
7 2 1.00000000 7.92322366 -1.10122935 -2.36777213
7 3 2.50288514 5.33746624 0.43194972 -0.42484270
7 4 4.70862982 5.64413034 0.51679843 -0.29567534
7 5 7.68762549 2.91780085 0.39666994 -0.23369699
7 6 1.27419441 1.00000000 -0.99538755 -1.46067135
7 7 4.80361184 5.03228804 -0.58186515 -3.98923732
7 8 7.92986183 2.20334118 0.56403625 1.20334118
7 9 6.25099355 6.05668109 -0.77607026 0.88014599
7 10 2.72826390 1.77457410 -0.20181060 -2.35945212
7 11 4.30679124 8.46690580 -1.43032590 1.20998311
7 12 9.00000000 3.25764390 1.17922992 -3.29637367
7 13 8.26362513 9.00000000 -1.06410717 1.65678902
7 14 2.08979681 1.11440567 -2.22519791 -0.24198421
7 15 4.93974934 5.07435636 2.92791013 4.07435636
7 16 4.11396415 3.59223787 -0.65561453 2.43489986
7 17 1.65857692 8.00717842 -2.30483458 2.75645395
7 18 9.00000000 5.73810479 4.24340024 -1.87302758
7 19 1.22658115 1.00000000 -2.41861315 -0.59640511
8 0 3.26614931 7.80967347 -2.17155264 0.09372241
8 1 5.83985967 5.06237113 -3.16014033 1.35616551
8 2 1.00000000 7.92322366 -1.64280204 -2.43681130
8 3 2.93483486 4.91262354 0.43194972 -0.42484270
8 4 4.31239123 5.10423627 -0.39623859 -0.53989407
8 5 7.66455967 3.92208607 -0.02306583 1.00428522
8 6 1.27419441 1.00000000 -2.03381875 -1.60633352
8 7 6.71057272 6.23995690 1.90696088 1.20766886
8 8 8.91363384 2.16870015 0.98377201 -0.03464102
8 9 6.38796030 7.18104581 0.13696676 1.12436472
8 10 2.52645330 2.58487802 -0.20181060 2.35945212
8 11 3.60188645 9.00000000 -2.82107130 2.13347499
8 12 8.19236060 1.00000000 -1.17922992 -3.29637367
8 13 7.19951796 7.34321098 -1.06410717 -1.65678902
8 14 1.00000000 1.02595404 -1.18676671 -0.09632204
8 15 7.86765947 8.85128728 2.92791013 -4.07435636
8 16 1.16279861 1.00000000 -3.14444056 -2.76200632
8 17 1.03900208 9.00000000 -1.76326189 2.82549312
8 18 4.75659976 3.86507721 -4.24340024 -1.87302758
8 19 1.00000000 1.05587258 -2.41861315 0.59640511
9 0 1.09459667 7.90339589 -2.17155264 0.09372241
9 1 5.49347491 6.34141671 -0.34638476 1.27904558
9 2 2.64280204 5.48641236 1.64280204 -2.43681130
9 3 3.36678458 4.48778084 0.43194972 -0.42484270
9 4 1.10239706 4.64146212 -3.20999417 -0.46277414
9 5 7.64149384 4.92637128 -0.02306583 1.00428522
9 6 1.27419441 1.00000000 -1.33595046 -1.67239068
9 7 7.06870431 3.95285354 0.35813158 -2.28710336
9 8 8.10259415 2.13405913 -0.98377201 -0.03464102
9 9 6.52492706 8.30541053 0.13696676 1.12436472
9 10 1.00000000 2.84590615 -5.14299545 0.06044228
9 11 1.00000000 7.03228665 -2.82107130 -2.13347499
9 12 7.01313068 4.29637367 -1.17922992 3.29637367
9 13 7.63645466 9.00000000 0.48472213 1.83798320
9 14 1.00000000 1.02595404 -1.88463500 -0.03026488
9 15 7.20443040 4.77693091 -2.92791013 -4.07435636
9 16 1.00000000 1.14299866 -3.14444056 2.76200632
9 17 1.00000000 8.93750213 -1.76326189 -2.82549312
9 18 4.94479365 4.05395964 0.69778461 0.42598226
9 19 3.41861315 1.65227769 2.41861315 0.59640511
10 0 1.00000000 7.76233103 -1.90334014 -2.83830702
10 1 5.14709015 7.62046228 -0.34638476 1.27904558
10 2 2.91233970 4.94382502 0.26953766 -0.54258733
10 3 5.17199868 2.16871417 1.80521410 -2.31906667
10 4 1.00000000 4.63981903 -3.18651900 -0.05113176
10 5 8.18788804 6.50159777 0.54639420 1.57522649
10 6 1.00000000 1.34324640 -1.33595046 1.67239068
10 7 7.05882261 1.00000000 -0.01524017 -4.55407505
10 8 7.83604786 2.09366829 2.41333589 -0.06187478
10 9 6.66189382 8.57022475 0.13696676 -1.12436472
10 10 1.00000000 2.84590615 -5.16647062 -0.35120010
10 11 3.82107130 4.89881166 2.82107130 -2.13347499
10 12 5.26444074 7.02180606 -1.74868995 2.72543240
10 13 8.12117679 7.16201680 0.48472213 -1.83798320
10 14 2.61619315 1.00000000 1.88463500 -0.03026488
10 15 4.64989203 2.96954624 -2.55453837 -1.80738467
10 16 4.14444056 3.90500498 3.14444056 2.76200632
10 17 1.00000000 8.93750213 -2.03147439 0.10653632
10 18 5.64257826 4.47994190 0.69778461 0.42598226
10 19 5.12000058 2.25443262 -0.97849475 0.62363886
10 0 1.00000000 7.76233103 -1.90334014 -2.83830702 6 3
10 1 5.14709015 7.62046228 -0.34638476 1.27904558 6 2
10 2 2.91233970 4.94382502 0.26953766 -0.54258733 5 4
10 3 5.17199868 2.16871417 1.80521410 -2.31906667 5 2
10 4 1.00000000 4.63981903 -3.18651900 -0.05113176 8 2
10 5 8.18788804 6.50159777 0.54639420 1.57522649 7 2
10 6 1.00000000 1.34324640 -1.33595046 1.67239068 6 4
10 7 7.05882261 1.00000000 -0.01524017 -4.55407505 5 3
10 8 7.83604786 2.09366829 2.41333589 -0.06187478 6 3
10 9 6.66189382 8.57022475 0.13696676 -1.12436472 6 3
10 10 1.00000000 2.84590615 -5.16647062 -0.35120010 6 2
10 11 3.82107130 4.89881166 2.82107130 -2.13347499 4 6
10 12 5.26444074 7.02180606 -1.74868995 2.72543240 6 4
10 13 8.12117679 7.16201680 0.48472213 -1.83798320 4 5
10 14 2.61619315 1.00000000 1.88463500 -0.03026488 6 3
10 15 4.64989203 2.96954624 -2.55453837 -1.80738467 6 4
10 16 4.14444056 3.90500498 3.14444056 2.76200632 5 5
10 17 1.00000000 8.93750213 -2.03147439 0.10653632 4 3
10 18 5.64257826 4.47994190 0.69778461 0.42598226 4 3
10 19 5.12000058 2.25443262 -0.97849475 0.62363886 5 4
Time consumed: 0.00040000
