0 0 2.94062639 1.10775660 -1.76831586 -2.49140866
0 1 4.87446437 7.12270213 1.28866935 2.35984942
0 2 5.73063784 4.83022948 1.48291900 -1.39381646
0 3 6.58926904 3.84483289 2.38526313 -1.58121449
0 4 4.01995198 5.33296092 2.49933160 -2.30312165
0 5 7.81976177 4.73608787 2.47093449 2.32121618
0 6 2.15371008 7.40529751 2.48223831 1.87470026
0 7 4.75889617 8.76793040 1.36973985 -1.73779383
0 8 6.44536285 1.21335455 1.83592387 1.76926253
0 9 7.37035350 3.53122082 -2.28561664 -1.71131098
0 10 5.82276397 1.19411489 -1.69474074 1.59359640
0 11 7.87853919 8.60815245 2.10104682 -2.45141202
0 12 6.64339799 1.59000981 -2.44648198 1.77347100
0 13 4.05293600 7.69541980 -2.15776400 1.39586362
0 14 2.79130581 3.47670366 -1.72129228 -1.64342054
0 15 7.20183654 3.26667286 2.04108414 -1.88685028
0 16 7.67302883 2.59554280 -2.16250654 1.61649687
0 17 7.16277254 2.71800284 -1.32582834 -1.77114565
0 18 1.92755901 6.48436244 2.36636045 -2.49725025
0 19 1.22378679 2.18451739 2.05167409 -1.97266619
[Debug:inconsist] 5 11 0.39264196
[Debug:inconsist] 5 21 0.47764853
1 0 2.93930782 1.00000000 0.69884749 -4.07727932
1 1 6.12661321 9.00000000 2.47968825 2.36603093
1 2 5.05788225 6.36268359 -1.23694379 2.29832449
1 3 8.97453218 2.26361840 2.38526313 -1.58121449
1 4 6.51928358 3.02983927 2.49933160 -2.30312165
1 5 9.00000000 5.45705719 2.67636161 -2.42651904
1 6 3.97237344 9.00000000 1.29121941 1.86851875
1 7 6.12863602 7.03013657 1.36973985 -1.73779383
1 8 6.68920026 1.00000000 0.56977078 -1.27488691
1 9 6.22178905 4.71734342 -1.12203917 1.25371427
1 10 2.63966540 1.14925347 -3.20258830 -0.06631667
1 11 9.00000000 8.00480255 1.89561970 2.29632320
1 12 4.67758394 1.00000000 -3.61005945 -1.19155424
1 13 1.89517201 8.90871658 -2.15776400 -1.39586362
1 14 1.07001352 1.83328312 -1.72129228 -1.64342054
1 15 9.00000000 3.74886228 3.30723723 1.15729916
1 16 7.66619688 1.28576910 0.55735625 -2.07564408
1 17 7.32530202 2.58531502 0.18201921 -0.11123257
1 18 4.29391947 3.98711219 2.36636045 -2.49725025
1 19 1.00000000 1.94118842 -0.41548926 -0.38679553
2 0 3.63815531 5.07727932 0.69884749 4.07727932
2 1 8.60630146 6.63396907 2.47968825 -2.36603093
2 2 3.82093846 8.66100808 -1.23694379 2.29832449
2 3 7.11929859 1.00000000 -2.38526313 -1.58121449
2 4 8.46938007 1.66863952 1.90759860 -1.28831713
2 5 6.32363839 3.03053815 -2.67636161 -2.42651904
2 6 5.26359285 7.13148125 1.29121941 -1.86851875
2 7 7.49837586 5.29234274 1.36973985 -1.73779383
2 8 7.25897104 2.27488691 0.56977078 1.27488691
2 9 6.42857680 6.60700224 0.25569094 1.91306270
2 10 2.56292290 1.08293680 3.20258830 -0.06631667
2 11 8.17846239 9.00000000 -1.89561970 2.29632320
2 12 1.06752448 2.19155424 -3.61005945 1.19155424
2 13 2.26259199 7.51285296 2.15776400 -1.39586362
2 14 1.80275383 1.00000000 1.72129228 -1.64342054
2 15 5.69276277 4.90616144 -3.30723723 1.15729916
2 16 7.75705271 1.00000000 1.14908924 -3.09044860
2 17 7.50732124 2.47408244 0.18201921 -0.11123257
2 18 5.28570069 1.00000000 0.98863034 -3.15659869
2 19 1.41548926 1.55439288 0.41548926 -0.38679553
3 0 1.11980947 9.00000000 -2.93999007 4.47952547
3 1 6.91401029 4.26793813 -2.47968825 -2.36603093
3 2 2.58399468 7.04066743 -1.23694379 -2.29832449
3 3 4.73403546 2.58121449 -2.38526313 1.58121449
3 4 8.54057192 1.00000000 -1.90759860 -1.28831713
3 5 6.97312122 2.81324280 2.49053171 1.00563881
3 6 6.55481226 5.26296250 1.29121941 -1.86851875
3 7 9.00000000 5.08069979 2.08162273 0.86070028
3 8 7.37407437 1.89015998 -0.14211210 -1.32360719
3 9 6.68426775 8.52006494 0.25569094 1.91306270
3 10 3.67075824 1.00000000 -1.96430503 -3.49847452
3 11 6.28284269 6.70367680 -1.89561970 -2.29632320
3 12 4.54253497 3.38310849 3.61005945 1.19155424
3 13 4.42035599 6.11698934 2.15776400 -1.39586362
3 14 3.52404612 2.64342054 1.72129228 1.64342054
3 15 5.96376289 5.66791335 0.33160033 0.75505301
3 16 8.90614195 4.09044860 1.14908924 3.09044860
3 17 7.68934045 2.36284987 0.18201921 -0.11123257
3 18 6.27433103 4.15659869 0.98863034 3.15659869
3 19 1.83097853 1.16759735 0.41548926 -0.38679553
4 0 1.00000000 8.81745191 -2.93999007 -4.47952547
4 1 4.10890274 2.51236064 -2.82668241 -1.71510526
4 2 1.00000000 5.40571610 -3.61979609 0.54753329
4 3 2.93443941 3.46296253 -0.00241084 -1.26464329
4 4 6.63297331 2.28831713 -1.90759860 1.28831713
4 5 9.00000000 2.44164934 3.24844459 -1.19419108
4 6 7.23547436 5.16657650 0.53330653 0.33131115
4 7 6.91837727 5.94140007 -2.08162273 0.86070028
4 8 7.23196227 1.43344721 -0.14211210 1.32360719
4 9 6.93995869 7.56687236 0.25569094 -1.91306270
4 10 1.70645321 4.49847452 -1.96430503 3.49847452
4 11 3.73639817 8.81405454 -2.62220025 2.62331580
4 12 8.56088322 3.23439808 4.20800712 -0.77129198
4 13 6.16983119 6.06139038 1.55981633 0.56698260
4 14 5.24533840 4.28684108 1.72129228 1.64342054
4 15 6.29536322 6.42296636 0.33160033 0.75505301
4 16 7.94476882 7.18089721 -1.14908924 3.09044860
4 17 8.19677897 1.64116386 0.52901338 -0.76215824
4 18 7.91378620 2.90649644 1.71521089 -1.76304031
4 19 2.24646779 1.21919818 0.41548926 0.38679553
5 0 3.93999007 4.33792644 2.93999007 -4.47952547
5 1 4.22568237 2.85958916 0.33572808 0.50063453
5 2 4.61979609 5.95324939 3.61979609 0.54753329
5 3 2.93202857 2.19831923 -0.00241084 -1.26464329
5 4 4.72537471 3.57663426 -1.90759860 1.28831713
5 5 5.75155541 1.24745826 -3.24844459 -1.19419108
5 6 8.07339067 3.77814888 0.91030508 -1.79711378
5 7 4.83675454 6.80210034 -2.08162273 0.86070028
5 8 7.08985017 2.75705440 -0.14211210 1.32360719
5 9 6.89103987 7.37354843 -0.12130760 0.21536222
5 10 2.25785182 7.99694905 1.96430503 3.49847452
5 11 1.11419792 6.56262966 -2.62220025 -2.62331580
5 12 5.23110966 2.46310610 -4.20800712 -0.77129198
5 13 8.20488954 7.54023727 2.03548714 1.47966964
5 14 6.49138867 5.01839734 1.24562147 0.73073350
5 15 6.62696356 7.17801937 0.33160033 0.75505301
5 16 6.79567958 7.72865419 -1.14908924 -3.09044860
5 17 8.72579234 1.12099439 0.52901338 0.76215824
5 18 8.37100290 1.14345612 -1.71521089 -1.76304031
5 19 1.90579592 1.00000000 -2.74692123 -1.82894427
6 0 3.58831997 5.50296422 -0.48766696 1.39824621
6 1 4.56141044 3.36022369 0.33572808 0.50063453
6 2 6.38166965 7.47285937 1.68061162 1.56212674
6 3 2.92961773 1.06632406 -0.00241084 1.26464329
6 4 2.81777610 4.86495139 -1.90759860 1.28831713
6 5 2.50311083 1.94673283 -3.24844459 1.19419108
6 6 8.48599940 3.74429357 0.21309568 0.67298749
6 7 2.75513180 7.66280062 -2.08162273 0.86070028
6 8 7.38798660 3.35596684 1.54511013 -1.45373561
6 9 6.76973227 7.58891065 -0.12130760 0.21536222
6 10 4.22215684 6.50457643 1.96430503 -3.49847452
6 11 3.50800233 3.93931386 2.62220025 -2.62331580
6 12 4.89602925 1.00000000 -0.78035009 -6.64906366
6 13 7.78700798 9.00000000 -2.03548714 1.47966964
6 14 9.00000000 4.83008016 3.18480594 -0.28385995
6 15 6.95856389 7.93307238 0.33160033 0.75505301
6 16 5.20634181 5.36290034 -2.83631147 -0.31310581
6 17 9.00000000 1.16801583 1.22622278 -1.70794302
6 18 6.65579201 2.61958419 -1.71521089 1.76304031
6 19 1.00000000 1.60309347 -2.74692123 1.82894427
7 0 3.10065301 6.90121042 -0.48766696 1.39824621
7 1 4.58811605 2.49667105 0.00556857 -0.95686262
7 2 8.06228127 8.96501389 1.68061162 -1.56212674
7 3 2.92720690 2.33096736 -0.00241084 1.26464329
7 4 1.08982250 6.15326853 1.90759860 1.28831713
7 5 2.74533376 3.14092391 3.24844459 1.19419108
7 6 8.69909508 4.41728106 0.21309568 0.67298749
7 7 1.32649093 8.52350090 2.08162273 0.86070028
7 8 8.93309672 1.90223124 1.54511013 -1.45373561
7 9 6.64842466 7.80427287 -0.12130760 0.21536222
7 10 6.18646187 3.00610190 1.96430503 -3.49847452
7 11 2.71941801 1.57778723 -2.02450436 -2.26666562
7 12 4.11567915 7.64906366 -0.78035009 6.64906366
7 13 5.75152084 7.52033036 -2.03548714 -1.47966964
7 14 5.81519406 4.54622021 -3.18480594 -0.28385995
7 15 7.29016422 8.68812539 0.33160033 0.75505301
7 16 2.67905281 6.41398170 -2.50615196 1.14439135
7 17 8.87937253 1.00000000 -1.22622278 -1.70794302
7 18 8.35136568 4.12083533 2.93149371 1.40639013
7 19 3.74692123 3.43203774 2.74692123 1.82894427
8 0 4.44861019 9.00000000 1.52760820 2.22009768
8 1 4.59368462 1.53980844 0.00556857 -0.95686262
8 2 8.25710711 7.40288715 -1.68061162 -1.56212674
8 3 2.92479606 3.59561065 -0.00241084 1.26464329
8 4 1.11584365 6.67425758 -0.10767656 0.46646566
8 5 5.99377835 4.33511499 3.24844459 1.19419108
8 6 8.91219077 5.09026855 0.21309568 0.67298749
8 7 3.40811366 8.61579883 2.08162273 -0.86070028
8 8 8.10796231 1.00000000 -1.54511013 -1.45373561
8 9 6.52711706 8.01963509 -0.12130760 0.21536222
8 10 8.15076690 2.49237262 1.96430503 3.49847452
8 11 1.00000000 2.34729911 -2.02450436 2.26666562
8 12 3.33532906 3.70187269 -0.78035009 -6.64906366
8 13 3.71603369 6.04066072 -2.03548714 -1.47966964
8 14 7.70268693 7.17282856 2.18971861 2.80002448
8 15 7.62176455 8.55682160 0.33160033 -0.75505301
8 16 1.82709914 7.55837305 2.50615196 1.14439135
8 17 7.65314976 2.70794302 -1.22622278 1.70794302
8 18 6.71714061 5.52722547 -2.93149371 1.40639013
8 19 1.42154365 2.35051370 -2.62760332 -1.25494017
9 0 5.97621839 6.77990232 1.52760820 -2.22009768
9 1 4.88253243 1.00000000 2.48164496 -3.65019126
9 2 6.57649550 5.84076041 -1.68061162 -1.56212674
9 3 2.37591590 2.36163332 -0.66802543 -1.77874501
9 4 1.00816710 7.14072324 -0.10767656 0.46646566
9 5 7.48970051 7.77901245 1.30946825 3.68324764
9 6 9.00000000 5.43077953 0.78591406 3.72000401
9 7 4.39404197 7.78209870 -0.14647102 -0.80579549
9 8 6.56285219 2.45373561 -1.54511013 1.45373561
9 9 7.50150388 8.20799716 2.10678615 0.16045744
9 10 9.00000000 3.40821323 1.39148665 0.45145801
9 11 3.02450436 4.61396472 2.02450436 2.26666562
9 12 1.67977948 1.00000000 -3.25642648 -3.95573502
9 13 2.22701587 7.05961171 -1.36987255 1.56371866
9 14 8.86840010 9.00000000 -2.18971861 2.80002448
9 15 7.95336489 7.80176859 0.33160033 -0.75505301
9 16 3.98052490 9.00000000 1.54499927 3.35379255
9 17 8.17944941 2.16617967 0.71275356 -0.78111353
9 18 4.02346475 6.38694380 -1.97034102 -0.80301108
9 19 3.20605967 1.09557353 2.62760332 -1.25494017
10 0 7.50382659 4.55980464 1.52760820 -2.22009768
10 1 7.36417738 4.65019126 2.48164496 3.65019126
10 2 4.85628979 5.90413177 -1.75394847 1.44864870
10 3 1.70789047 1.41711169 -0.66802543 1.77874501
10 4 1.09950946 7.60718890 0.10767656 0.46646566
10 5 8.79916876 6.53773992 1.30946825 -3.68324764
10 6 8.24594152 9.00000000 -0.78591406 3.72000401
10 7 4.24757095 6.97630321 -0.14647102 -0.80579549
10 8 5.05733615 2.28197311 -1.47177328 -1.55703983
10 9 8.39170998 8.36845460 -2.10678615 0.16045744
10 10 7.60851335 3.85967124 -1.39148665 0.45145801
10 11 2.82797249 2.86889488 -0.21347495 -1.77567321
10 12 1.00000000 1.82576023 -3.25642648 3.95573502
10 13 1.14285668 8.62333037 1.36987255 1.56371866
10 14 6.67868149 6.19997552 -2.18971861 -2.80002448
10 15 8.28496522 7.04671558 0.33160033 -0.75505301
10 16 5.52552417 5.64620745 1.54499927 -3.35379255
10 17 8.89220296 1.38506613 0.71275356 -0.78111353
10 18 4.22494493 9.00000000 0.26763829 3.23932775
10 19 5.83366299 2.15936664 2.62760332 1.25494017
11 0 8.96856520 2.33970696 -1.52760820 -2.22009768
11 1 9.00000000 6.04463301 3.89187723 3.14057370
11 2 3.10234132 7.35278046 -1.75394847 1.44864870
11 3 1.03986504 3.19585670 -0.66802543 1.77874501
11 4 1.20718602 8.07365455 0.10767656 0.46646566
11 5 7.89136299 2.85449228 -1.30946825 -3.68324764
11 6 7.46002746 5.27999599 -0.78591406 -3.72000401
11 7 4.10109993 6.17050772 -0.14647102 -0.80579549
11 8 4.58571410 1.00000000 -0.24702521 -1.89666229
11 9 6.28492383 8.52891203 -2.10678615 0.16045744
11 10 7.82810901 6.41692016 0.48019178 2.89786526
11 11 1.68378527 1.35130805 -1.43822302 -1.43605075
11 12 4.25642648 5.78149525 3.25642648 3.95573502
11 13 2.51272923 7.81295097 1.36987255 -1.56371866
11 14 4.48896289 3.39995103 -2.18971861 -2.80002448
11 15 8.61656555 6.29166257 0.33160033 -0.75505301
11 16 5.72397611 2.77901853 0.13476700 -2.84417500
11 17 8.75643037 1.00000000 -0.71275356 -0.78111353
11 18 4.49258321 5.76067225 0.26763829 -3.23932775
11 19 6.85018400 1.30851590 0.75592489 -1.19146708
12 0 9.00000000 1.63801196 0.71705017 -1.11267135
12 1 5.33763555 9.00000000 -3.89187723 3.14057370
12 2 3.27609894 8.07190886 0.19959395 0.70935091
12 3 1.62816039 4.97460171 0.66802543 1.77874501
12 4 1.00000000 8.21609280 -1.84586586 1.20576344
12 5 7.78788736 1.00000000 0.12543087 -3.69892060
12 6 6.67411340 1.55999198 -0.78591406 -3.72000401
12 7 4.80100695 4.39586162 0.88538448 -1.98696251
12 8 4.33868889 2.89666229 -0.24702521 1.89666229
12 9 5.78689476 9.00000000 0.00233387 5.29295401
12 10 8.30830079 8.68521459 0.48019178 -2.89786526
12 11 1.00000000 1.33144444 -1.43822302 1.43605075
12 12 5.90250494 5.81848422 1.14730647 -1.17676155
12 13 3.03622375 7.21808291 0.33801705 -0.38255164
12 14 2.29924428 1.40007345 -2.18971861 2.80002448
12 15 8.94816588 5.53660956 0.33160033 -0.75505301
12 16 5.07350212 1.00000000 -1.30013213 -2.82850204
12 17 8.04367681 1.78111353 -0.71275356 0.78111353
12 18 4.76022150 2.52134450 0.26763829 -3.23932775
12 19 6.86765130 1.00000000 -1.48873348 -2.29889341
13 0 8.58883944 1.00000000 -0.71705017 -1.11267135
13 1 1.44575832 5.85942630 -3.89187723 -3.14057370
13 2 3.47569289 8.78125977 0.19959395 0.70935091
13 3 1.49288482 5.81149728 -0.53805461 0.36464766
13 4 2.20005922 9.00000000 1.84586586 1.20576344
13 5 7.91331823 4.69892060 0.12543087 3.69892060
13 6 5.88819933 4.16001203 -0.78591406 3.72000401
13 7 5.27661037 2.49131707 -1.18570807 -1.57041024
13 8 4.09166368 4.79332459 -0.24702521 1.89666229
13 9 5.78922862 3.70704599 0.00233387 -5.29295401
13 10 8.78849258 5.78734933 0.48019178 -2.89786526
13 11 2.43822302 2.76749519 1.43822302 1.43605075
13 12 7.04981141 4.64172267 1.14730647 -1.17676155
13 13 4.17754179 7.77738070 1.54409709 1.03154571
13 14 1.89047432 4.20009794 2.18971861 2.80002448
13 15 8.72023378 4.78155655 -0.33160033 -0.75505301
13 16 3.77337000 3.82850204 -1.30013213 2.82850204
13 17 7.74070431 2.47980910 1.35833900 0.36456126
13 18 5.02785979 2.71798325 0.26763829 3.23932775
13 19 5.37891781 3.29889341 -1.48873348 2.29889341
14 0 7.87178927 2.11267135 -0.71705017 1.11267135
14 1 4.44611890 2.71885259 3.89187723 -3.14057370
14 2 3.67528684 8.50938932 0.19959395 -0.70935091
14 3 1.00000000 6.09756079 -2.00359346 0.89893978
14 4 4.04592508 7.79423656 1.84586586 -1.20576344
14 5 8.03874910 8.39784120 0.12543087 3.69892060
14 6 5.27238574 6.72151949 -0.35033010 0.75338954
14 7 4.09090231 1.07909317 -1.18570807 1.57041024
14 8 6.07781921 7.26108953 2.25697717 2.53702354
14 9 5.79156249 3.58590801 0.00233387 5.29295401
14 10 9.00000000 5.40045561 1.73253193 -2.12476716
14 11 2.62993961 3.60392827 -0.60165012 0.45479310
14 12 7.01393273 2.73455397 -0.10503367 -1.94985965
14 13 5.28331478 9.00000000 1.10851313 3.99816018
14 14 1.84701219 6.42901977 -0.31428378 2.15966324
14 15 8.61392004 5.00778003 -0.00280822 0.67706055
14 16 3.16673042 6.40417720 0.16540672 2.29420992
14 17 8.87375672 1.86309387 1.02954688 -1.06755230
14 18 5.29549808 5.95731101 0.26763829 3.23932775
14 19 5.13669076 6.19740448 0.55113966 3.28015105
15 0 7.15473910 3.22534271 -0.71705017 1.11267135
15 1 5.02247884 1.00000000 0.04121551 -3.50313428
15 2 3.92519724 9.00000000 0.93864077 2.09007670
15 3 3.00359346 6.99650057 2.00359346 0.89893978
15 4 3.72077965 9.00000000 -0.80790737 2.46089249
15 5 8.16417997 5.90323820 0.12543087 -3.69892060
15 6 4.46058360 9.00000000 -1.64512777 4.76063599
15 7 3.08134030 2.35827269 -0.53523998 0.49496018
15 8 8.33479639 8.20188693 2.25697717 -2.53702354
15 9 6.73715665 5.95958238 1.29713154 1.28570756
15 10 7.26746807 3.27568845 -1.73253193 -2.12476716
15 11 1.85214343 4.34995209 -1.25211822 1.53024317
15 12 9.00000000 1.60518977 3.74562804 -1.58729907
15 13 6.39182791 5.00183982 1.10851313 -3.99816018
15 14 1.53272842 8.58868301 -0.31428378 2.15966324
15 15 8.61111182 5.68484059 -0.00280822 0.67706055
15 16 2.63528024 6.05877025 -0.57364010 -0.50521769
15 17 8.29387600 1.00000000 -1.02954688 -1.06755230
15 18 8.08750764 5.70877445 2.92141151 -0.42732819
15 19 5.68783043 8.52244446 0.55113966 -3.28015105
16 0 4.88076286 2.25642464 -2.72260581 -1.56872983
16 1 5.06369435 4.50313428 0.04121551 3.50313428
16 2 4.86383801 6.90992330 0.93864077 -2.09007670
16 3 5.00718692 7.89544035 2.00359346 0.89893978
16 4 2.91287228 6.53910751 -0.80790737 -2.46089249
16 5 9.00000000 4.69011781 2.13098652 -1.01751942
16 6 2.81545583 4.23936401 -1.64512777 -4.76063599
16 7 2.54610032 2.85323286 -0.53523998 0.49496018
16 8 9.00000000 7.86388646 2.39477776 0.57075012
16 9 9.00000000 5.45731621 3.22275049 -1.25657046
16 10 5.53493615 1.15092130 -1.73253193 -2.12476716
16 11 1.39997479 5.88019526 1.25211822 1.53024317
16 12 7.57190381 1.00000000 -3.74562804 -1.58729907
16 13 7.50034103 1.00367965 1.10851313 -3.99816018
16 14 1.21844464 7.25165374 -0.31428378 -2.15966324
16 15 8.49275502 3.75597004 -0.14060881 -2.43071310
16 16 2.06164013 5.55355256 -0.57364010 -0.50521769
16 17 7.26432912 2.06755230 -1.02954688 1.06755230
16 18 6.99108084 5.28144626 -2.92141151 -0.42732819
16 19 4.72183977 7.24526864 -1.37447929 -0.73787304
17 0 3.89550844 1.00000000 -0.53297071 -2.83024593
17 1 1.28710288 6.56922035 -3.84960473 2.03860338
17 2 5.80247878 4.81984660 0.93864077 -2.09007670
17 3 7.01078038 8.79438014 2.00359346 0.89893978
17 4 2.23784628 5.33534204 -0.49590608 0.49080249
17 5 6.86901348 3.67259839 -2.13098652 -1.01751942
17 6 1.00000000 1.57743463 -3.83476287 -3.49911988
17 7 1.87797898 2.09106601 -0.84724126 -2.45673480
17 8 6.60522224 8.43463658 -2.39477776 0.57075012
17 9 5.77724951 4.20074575 -3.22275049 -1.25657046
17 10 3.80240422 2.97384586 -1.73253193 2.12476716
17 11 1.25492292 7.26027098 -1.58547621 1.22525931
17 12 3.82627577 2.58729907 -3.74562804 1.58729907
17 13 8.60885416 4.99448053 1.10851313 3.99816018
17 14 1.09583913 5.09199050 0.31428378 -2.15966324
17 15 9.00000000 3.33830847 1.21776047 -0.76399364
17 16 1.48800003 5.04833487 -0.57364010 -0.50521769
17 17 4.93003114 1.53417465 -2.38791616 -0.59916717
17 18 7.88747631 6.29116629 0.96940873 1.03720271
17 19 4.74453056 6.65756305 1.46311514 -0.43288918
18 0 3.36253774 3.83024593 -0.53297071 2.83024593
18 1 4.56250186 8.60782373 3.84960473 2.03860338
18 2 6.74111956 2.72976991 0.93864077 -2.09007670
18 3 9.00000000 8.31312910 2.00359346 -0.89893978
18 4 1.74194020 5.82614453 -0.49590608 0.49080249
18 5 4.73802697 2.65507897 -2.13098652 -1.01751942
18 6 1.63282338 1.00000000 3.83476287 -3.49911988
18 7 1.00000000 1.07375074 -2.53414751 -2.91104712
18 8 4.21044447 8.99461330 -2.39477776 -0.57075012
18 9 4.79751892 4.00004035 -0.69986836 -0.06896482
18 10 1.00000000 3.78438796 -4.25541406 0.93716152
18 11 2.33055330 8.48553029 1.58547621 1.22525931
18 12 1.75759743 4.62622899 -2.05872179 2.04161139
18 13 8.28263271 8.99264070 -1.10851313 3.99816018
18 14 1.41012291 2.93232726 0.31428378 -2.15966324
18 15 7.78223953 2.57431483 -1.21776047 -0.76399364
18 16 1.08564008 4.54311718 0.57364010 -0.50521769
18 17 2.54211498 1.06499251 -2.38791616 0.59916717
18 18 8.85688504 7.32836900 0.96940873 1.03720271
18 19 6.20764570 6.22467387 1.46311514 -0.43288918
19 0 3.48264793 6.70487469 0.34291956 2.88977069
19 1 8.41210659 7.35357289 3.84960473 -2.03860338
19 2 7.67976033 1.36030679 0.93864077 2.09007670
19 3 6.99640654 7.41418932 -2.00359346 -0.89893978
19 4 1.24603412 6.31694702 -0.49590608 0.49080249
19 5 2.60704045 1.63755954 -2.13098652 -1.01751942
19 6 5.46758626 4.49911988 3.83476287 3.49911988
19 7 1.06420207 1.00000000 2.53414751 -2.91104712
19 8 1.81566671 8.42386318 -2.39477776 -0.57075012
19 9 4.09765056 3.93107553 -0.69986836 -0.06896482
19 10 5.25541406 4.72154948 4.25541406 0.93716152
19 11 3.91602951 8.28921041 1.58547621 -1.22525931
19 12 2.30112437 6.66784038 2.05872179 2.04161139
19 13 7.17411959 5.00919912 -1.10851313 -3.99816018
19 14 1.00000000 3.12200388 -1.55516845 1.07974346
19 15 6.56447905 1.81032120 -1.21776047 -0.76399364
19 16 1.00619928 3.99351667 -0.30225016 -0.56474245
19 17 2.40665972 1.00000000 -0.51846393 -2.64023953
19 18 8.17370622 8.36557171 -0.96940873 1.03720271
19 19 7.67076084 5.79178470 1.46311514 -0.43288918
20 0 3.82556749 8.40535462 0.34291956 -2.88977069
20 1 5.73828867 5.31496950 -3.84960473 -2.03860338
20 2 9.00000000 1.78753454 3.12506543 -0.85276737
20 3 4.99281308 6.51524954 -2.00359346 -0.89893978
20 4 1.00000000 6.16245011 -0.71994639 -0.85050033
20 5 1.00000000 1.12978218 -2.13098652 1.01751942
20 6 6.39846142 6.86299362 0.44413838 2.17358881
20 7 3.59834958 3.91104712 2.53414751 2.91104712
20 8 1.00000000 8.53372260 -2.17073745 0.77055270
20 9 3.39778220 3.86211071 -0.69986836 -0.06896482
20 10 8.48917188 5.65871100 -4.25541406 0.93716152
20 11 7.16990201 8.40000016 3.46775957 0.28207017
20 12 2.69144987 7.37340271 0.17643844 0.53428191
20 13 4.61304424 2.96613220 -3.29493779 -1.05531610
20 14 2.55516845 4.20174733 1.55516845 1.07974346
20 15 5.34671858 1.04632756 -1.21776047 -0.76399364
20 16 1.29605088 3.42877422 0.30225016 -0.56474245
20 17 1.88819579 3.64023953 -0.51846393 2.64023953
20 18 7.20429749 8.59722558 -0.96940873 -1.03720271
20 19 9.00000000 5.93547241 4.85373964 0.89264190
20 0 3.82556749 8.40535462 0.34291956 -2.88977069 8 9
20 1 5.73828867 5.31496950 -3.84960473 -2.03860338 8 10
20 2 9.00000000 1.78753454 3.12506543 -0.85276737 7 7
20 3 4.99281308 6.51524954 -2.00359346 -0.89893978 4 8
20 4 1.00000000 6.16245011 -0.71994639 -0.85050033 6 7
20 5 1.00000000 1.12978218 -2.13098652 1.01751942 6 10
20 6 6.39846142 6.86299362 0.44413838 2.17358881 9 7
20 7 3.59834958 3.91104712 2.53414751 2.91104712 7 6
20 8 1.00000000 8.53372260 -2.17073745 0.77055270 8 8
20 9 3.39778220 3.86211071 -0.69986836 -0.06896482 8 5
20 10 8.48917188 5.65871100 -4.25541406 0.93716152 6 11
20 11 7.16990201 8.40000016 3.46775957 0.28207017 9 11
20 12 2.69144987 7.37340271 0.17643844 0.53428191 9 10
20 13 4.61304424 2.96613220 -3.29493779 -1.05531610 7 10
20 14 2.55516845 4.20174733 1.55516845 1.07974346 5 10
20 15 5.34671858 1.04632756 -1.21776047 -0.76399364 5 4
20 16 1.29605088 3.42877422 0.30225016 -0.56474245 10 8
20 17 1.88819579 3.64023953 -0.51846393 2.64023953 8 9
20 18 7.20429749 8.59722558 -0.96940873 -1.03720271 7 9
20 19 9.00000000 5.93547241 4.85373964 0.89264190 9 8
Time consumed: 0.00106000
