20 10 1 20 print
0 2.94062639 1.10775660 -1.76831586 -2.49140866
1 4.87446437 7.12270213 1.28866935 2.35984942
2 5.73063784 4.83022948 1.48291900 -1.39381646
3 6.58926904 3.84483289 2.38526313 -1.58121449
4 4.01995198 5.33296092 2.49933160 -2.30312165
5 7.81976177 4.73608787 2.47093449 2.32121618
6 2.15371008 7.40529751 2.48223831 1.87470026
7 4.75889617 8.76793040 1.36973985 -1.73779383
8 6.44536285 1.21335455 1.83592387 1.76926253
9 7.37035350 3.53122082 -2.28561664 -1.71131098
10 5.82276397 1.19411489 -1.69474074 1.59359640
11 7.87853919 8.60815245 2.10104682 -2.45141202
12 6.64339799 1.59000981 -2.44648198 1.77347100
13 4.05293600 7.69541980 -2.15776400 1.39586362
14 2.79130581 3.47670366 -1.72129228 -1.64342054
15 7.20183654 3.26667286 2.04108414 -1.88685028
16 7.67302883 2.59554280 -2.16250654 1.61649687
17 7.16277254 2.71800284 -1.32582834 -1.77114565
18 1.92755901 6.48436244 2.36636045 -2.49725025
19 1.22378679 2.18451739 2.05167409 -1.97266619