0 0 2.94062639 1.10775660 -1.76831586 -2.49140866
0 1 4.87446437 7.12270213 1.28866935 2.35984942
0 2 5.73063784 4.83022948 1.48291900 -1.39381646
0 3 6.58926904 3.84483289 2.38526313 -1.58121449
0 4 4.01995198 5.33296092 2.49933160 -2.30312165
0 5 7.81976177 4.73608787 2.47093449 2.32121618
0 6 2.15371008 7.40529751 2.48223831 1.87470026
0 7 4.75889617 8.76793040 1.36973985 -1.73779383
0 8 6.44536285 1.21335455 1.83592387 1.76926253
0 9 7.37035350 3.53122082 -2.28561664 -1.71131098
0 10 5.82276397 1.19411489 -1.69474074 1.59359640
0 11 7.87853919 8.60815245 2.10104682 -2.45141202
0 12 6.64339799 1.59000981 -2.44648198 1.77347100
0 13 4.05293600 7.69541980 -2.15776400 1.39586362
0 14 2.79130581 3.47670366 -1.72129228 -1.64342054
0 15 7.20183654 3.26667286 2.04108414 -1.88685028
0 16 7.67302883 2.59554280 -2.16250654 1.61649687
0 17 7.16277254 2.71800284 -1.32582834 -1.77114565
0 18 1.92755901 6.48436244 2.36636045 -2.49725025
0 19 1.22378679 2.18451739 2.05167409 -1.97266619
1 0 2.93930784 1.00000000 0.69884754 -4.07727930
1 1 6.44995529 5.39936118 1.57549092 -1.72334095
1 2 8.39514687 3.08917074 2.66450903 -1.74105874
1 3 4.99708751 3.86059634 -1.59218153 0.01576345
1 4 5.33769355 3.37708155 1.31774157 -1.95587937
1 5 9.00000000 5.45705706 2.67636158 -2.42651905
1 6 1.00000000 8.04160694 -2.12343651 1.17114577
1 7 4.86604752 9.00000000 1.08291828 2.34539654
1 8 7.35558235 1.22196278 0.91021950 0.00860823
1 9 8.66479616 1.00000000 1.69182802 -3.30828892
1 10 2.63966540 1.14925348 -3.20258829 -0.06631666
1 11 9.00000000 8.00480269 1.89561973 2.29632321
1 12 5.12262038 5.12413511 -1.52077761 3.53412530
1 13 5.57406987 9.00000000 2.44791082 2.09941811
1 14 1.07001353 1.83328312 -1.72129228 -1.64342054
1 15 6.20745984 5.70329955 -0.99437670 2.43662669
1 16 8.18756381 1.00000000 0.87295430 -2.70698010
1 17 7.32530203 2.58531500 0.18201921 -0.11123259
1 18 4.29391946 3.98711219 2.36636045 -2.49725025
1 19 1.00000000 1.94118847 -0.41548931 -0.38679555
2 0 3.63815538 5.07727930 0.69884754 4.07727930
2 1 8.02544622 3.67602022 1.57549092 -1.72334095
2 2 6.94034410 1.34811200 -2.66450903 -1.74105874
2 3 7.67728974 3.10766125 2.68020223 -0.75293509
2 4 6.65543512 1.42120218 1.31774157 -1.95587937
2 5 6.32363842 3.03053801 -2.67636158 -2.42651905
2 6 2.73768874 9.00000000 2.12343651 1.17114577
2 7 5.94896580 6.65460346 1.08291828 -2.34539654
2 8 8.26810318 1.12695476 0.91252083 -0.09500801
2 9 9.00000000 1.65547511 1.69182802 3.30828892
2 10 2.40029035 1.00000000 -1.38011697 -0.86052104
2 11 8.17846249 9.00000000 -1.89561973 2.29632321
2 12 3.55552291 8.63353158 -1.56709748 3.50939646
2 13 8.02198069 6.90058189 2.44791082 -2.09941811
2 14 1.00000000 1.81650530 -3.54376360 -0.84921615
2 15 5.25940302 8.16465508 -0.94805683 2.46135553
2 16 9.00000000 3.51931700 0.87295430 2.70698010
2 17 7.50501991 2.57769864 0.17971788 -0.00761636
2 18 2.38789615 2.25856048 -1.90602331 -1.72855171
2 19 1.41548931 1.55439292 0.41548931 -0.38679555
3 0 4.33700293 8.84544140 0.69884754 -4.07727930
3 1 9.00000000 3.45417733 2.30915644 -0.52564565
3 2 7.08451819 1.00000000 1.12355116 -2.71284277
3 3 9.00000000 1.78216925 1.94653671 -1.95063040
3 4 5.59811521 1.00000000 -2.47031863 -0.98409534
3 5 3.64727684 1.39598104 -2.67636158 2.42651905
3 6 4.86112525 7.82885423 2.12343651 -1.17114577
3 7 6.98175632 4.44246532 0.20056639 0.00022622
3 8 8.81937599 1.03194675 -0.91252083 -0.09500801
3 9 7.30817198 4.96376403 -1.69182802 3.30828892
3 10 1.02017338 1.86052104 -1.38011697 0.86052104
3 11 6.28284276 6.70367679 -1.89561973 -2.29632321
3 12 1.98842543 5.85707196 -1.56709748 -3.50939646
3 13 7.53010849 4.80116378 -2.44791082 -2.09941811
3 14 4.40726181 1.00000000 3.54376360 -0.84921615
3 15 4.31134619 7.37398939 -0.94805683 -2.46135553
3 16 8.12704570 6.22629710 -0.87295430 2.70698010
3 17 7.73486554 2.43682388 1.06206976 -2.35323912
3 18 2.64217299 2.09438824 0.25427684 -0.16417224
3 19 1.00000000 1.08976240 -1.74481084 -1.95117502
4 0 4.15132600 6.48378493 -0.18567693 -2.36165647
4 1 6.69084356 2.92853168 -2.30915644 -0.52564565
4 2 8.20806935 3.71284277 1.12355116 2.71284277
4 3 8.21947225 1.00000000 -1.94653671 -1.95063040
4 4 3.12779659 1.98409534 -2.47031863 0.98409534
4 5 4.16130354 1.60562452 0.51402671 0.20964348
4 6 7.86908623 4.94208563 3.00796098 -2.88676860
4 7 4.36563891 2.60018924 -2.61611741 -1.84227608
4 8 8.83126139 1.00000000 0.91712294 -2.46513243
4 9 5.58429908 8.22264641 -1.72387290 3.25888238
4 10 2.35994359 2.72104208 1.38011697 0.86052104
4 11 5.20623910 4.12298139 -0.99886494 -2.60768722
4 12 1.57867205 2.34767550 1.56709748 -3.50939646
4 13 7.89888147 4.54424797 0.36877298 -0.25691581
4 14 7.95102541 1.84921615 3.54376360 0.84921615
4 15 2.54427329 5.19700605 -1.84481161 -2.14999152
4 16 7.28613628 8.98268374 -0.84090942 2.75638664
4 17 6.96729154 2.45370918 -0.76757400 0.01688530
4 18 1.00000000 3.24246931 -2.93611145 2.05270333
4 19 1.08026876 1.00000000 1.74481084 -1.95117502
5 0 3.96564907 4.12212845 -0.18567693 -2.36165647
5 1 6.20780810 1.00000000 -0.49686331 -1.98373976
5 2 9.00000000 2.83789252 2.69177715 -2.97396128
5 3 6.27293554 2.95063040 -1.94653671 1.95063040
5 4 1.00000000 2.19305459 -3.71461023 0.36479153
5 5 4.35510071 1.69417227 -0.67100674 -0.23848036
5 6 9.00000000 7.14151724 1.43973500 2.80003546
5 7 2.99381309 1.37721697 -1.37182581 -1.22297227
5 8 9.00000000 1.45355208 0.91712294 2.46513243
5 9 3.86042618 6.51847121 -1.72387290 -3.25888238
5 10 4.09665533 1.63649971 1.80922779 -1.48008465
5 11 2.39508102 2.97338828 -2.81115808 -1.14959311
5 12 3.14576953 3.16172096 1.56709748 3.50939646
5 13 8.26765445 4.28733216 0.36877298 -0.25691581
5 14 6.50521099 2.69843231 -3.54376360 0.84921615
5 15 1.00000000 4.93699301 -2.27392243 0.19061417
5 16 6.44522686 6.26092961 -0.84090942 -2.75638664
5 17 6.51994707 2.59169021 0.41745944 0.46500914
5 18 3.93611145 5.29517264 2.93611145 2.05270333
5 19 2.82507960 2.95117502 1.74481084 1.95117502
6 0 7.41803136 6.02209719 3.45238229 1.89996873
6 1 5.71094480 2.98373976 -0.49686331 1.98373976
6 2 7.33649580 1.00000000 -2.69177715 -2.97396128
6 3 4.14220379 5.10125454 -2.13073175 2.15062414
6 4 4.71461023 2.55784611 3.71461023 0.36479153
6 5 5.78275572 1.92401212 1.42765500 0.22983985
6 6 8.04439686 9.00000000 -1.43973500 2.80003546
6 7 1.62198728 1.84575530 -1.37182581 1.22297227
6 8 8.08287706 3.91868450 -0.91712294 2.46513243
6 9 1.82694937 8.26370699 -2.03347681 1.74523578
6 10 4.00210382 1.00000000 -0.28943395 -1.94840487
6 11 2.41607705 1.82379518 2.81115808 -1.14959311
6 12 1.07480779 2.40949223 -2.07096174 -0.75222874
6 13 8.63642744 4.03041634 0.36877298 -0.25691581
6 14 3.14564243 3.34765472 -3.35956856 0.64922241
6 15 3.27392243 5.12760718 2.27392243 0.19061417
6 16 5.18471421 4.47991195 -1.81380800 -0.49488098
6 17 7.35700975 2.08133037 1.39035802 -1.79649652
6 18 7.18182681 2.34375781 3.24571536 -2.95141483
6 19 4.56989044 4.90235003 1.74481084 1.95117502
7 0 7.12958635 7.92206592 -3.45238229 1.89996873
7 1 8.18978991 6.23947723 2.47884511 3.25573748
7 2 4.64471865 3.97396128 -2.69177715 2.97396128
7 3 6.47150488 7.11651514 2.32930108 2.01526060
7 4 5.45351203 1.65063992 0.73890181 -0.90720619
7 5 6.97298901 2.13012596 1.19023330 0.20611384
7 6 6.60466186 6.19996454 -1.43973500 -2.80003546
7 7 1.00000000 2.32297987 -0.72381412 0.55535200
7 8 7.16575413 6.38381693 -0.91712294 2.46513243
7 9 1.03094891 9.00000000 2.03347681 1.74523578
7 10 3.71266987 2.94840487 -0.28943395 1.94840487
7 11 3.34690292 1.00000000 2.36111001 -2.08961859
7 12 1.00000000 2.40716437 -2.71897343 -0.08460847
7 13 8.99479958 3.77350053 -0.36877298 -0.25691581
7 14 1.00000000 4.51965461 -2.90952049 1.58924789
7 15 1.08781203 5.45358489 -2.18611040 0.32597772
7 16 4.64661821 3.10850446 -0.53809600 -1.37140749
7 17 8.34990062 1.00000000 1.62777973 -1.77277051
7 18 9.00000000 1.30955516 3.24571536 2.95141483
7 19 5.03898926 7.73005156 0.46909883 2.82770153
8 0 6.88675488 9.00000000 -1.08173660 4.80185179
8 1 7.70841030 9.00000000 -2.47884511 3.25573748
8 2 2.52917958 7.58197163 -2.11553907 3.60801035
8 3 6.43016028 6.22989267 -0.04134460 -0.88662246
8 4 6.19241384 1.25656627 0.73890181 0.90720619
8 5 7.59569568 1.73750934 0.22122876 -0.81616864
8 6 5.18099914 3.42523012 -0.53390301 -1.37407106
8 7 1.72381412 2.87833187 0.72381412 0.55535200
8 8 6.24863119 8.84894936 -0.91712294 2.46513243
8 9 3.06442572 7.25476422 2.03347681 -1.74523578
8 10 2.84699784 4.26276067 -0.86567203 1.31435580
8 11 5.70801293 3.08961859 2.36111001 2.08961859
8 12 3.71897343 2.32255590 2.71897343 -0.08460847
8 13 9.00000000 3.86851177 0.60023156 0.76536666
8 14 3.90952049 6.10890251 2.90952049 1.58924789
8 15 3.09829837 5.77956261 2.18611040 0.32597772
8 16 4.09244995 1.71179593 -1.44392799 -2.79737189
8 17 9.00000000 1.70800550 1.62777973 1.77277051
8 18 5.75428464 4.26096999 -3.24571536 2.95141483
8 19 5.50808809 7.44224691 0.46909883 -2.82770153
9 0 5.80501827 4.19814821 -1.08173660 -4.80185179
9 1 5.22956519 5.74426252 -2.47884511 -3.25573748
9 2 1.00000000 7.81004263 -2.11553907 -3.60801035
9 3 7.51116706 3.86758590 1.08100678 -2.36230677
9 4 5.93949605 1.82384876 -0.25291779 0.56728249
9 5 8.80874403 1.26126441 1.21304835 -0.47624493
9 6 7.34043769 4.08250385 2.15943855 0.65727373
9 7 2.18805351 3.11373378 0.46423939 0.23540191
9 8 5.33150826 6.68591822 -0.91712294 -2.46513243
9 9 3.81369316 7.25078447 0.74926743 -0.00397975
9 10 2.24090055 5.89706657 -0.60609729 1.63430590
9 11 8.06912294 5.17923718 2.36111001 2.08961859
9 12 3.73499438 1.00000000 0.02563187 -2.11595326
9 13 8.39976844 4.63387844 -0.60023156 0.76536666
9 14 8.10325037 5.95689438 4.19372987 -0.15200813
9 15 1.08734287 8.71443201 -2.90900638 3.49309687
9 16 2.64852196 3.08557596 -1.44392799 2.79737189
9 17 7.37222027 3.48077602 -1.62777973 1.77277051
9 18 6.70563518 4.60349313 1.84940142 -0.21570432
9 19 4.85483553 6.09022969 -0.65325256 -1.35201722
10 0 2.08402182 1.00000000 -4.02132936 -3.45628044
10 1 2.78742576 2.45463672 -2.44213943 -3.28962580
10 2 3.11553907 4.20203228 2.11553907 -3.60801035
10 3 8.59217384 1.50527913 1.08100678 -2.36230677
10 4 5.68657826 2.39113124 -0.25291779 0.56728249
10 5 8.52578670 1.00000000 -1.21304835 -0.47624493
10 6 7.37273787 3.63261624 0.03230018 -0.44988761
10 7 1.00000000 3.38312977 -1.59290101 0.36119681
10 8 5.07354490 3.97547461 -0.25796336 -2.71044360
10 9 3.90380101 7.49211589 0.09010786 0.24133142
10 10 1.63480325 7.53137247 -0.60609729 1.63430590
10 11 9.00000000 5.15154248 2.26644813 -0.06742952
10 12 3.76062625 3.11595326 0.02563187 2.11595326
10 13 9.00000000 5.36997471 1.52690681 1.87252800
10 14 9.00000000 6.37617017 4.28839176 2.00503999
10 15 1.15047450 9.00000000 2.90900638 3.49309687
10 16 3.26173437 5.75715294 0.61321241 2.67157698
10 17 8.68403329 3.90797518 1.31181302 0.42719917
10 18 8.55503660 4.38778881 1.84940142 -0.21570432
10 19 4.16487730 4.77210080 -0.68995824 -1.31812889
11 0 1.00000000 1.93170270 -4.02132936 3.45628044
11 1 1.00000000 1.95307261 -2.44213943 3.28962580
11 2 2.79863406 1.00000000 -0.32908961 -3.32514634
11 3 9.00000000 1.38593682 1.08100678 2.36230677
11 4 5.30429876 2.89157796 -0.44259686 0.46928326
11 5 7.31273835 1.47624493 -1.21304835 0.47624493
11 6 7.53439977 3.24956440 0.22197926 -0.35188838
11 7 2.59290101 3.74432658 1.59290101 0.36119681
11 8 7.24718290 1.00000000 2.18666533 -2.99330761
11 9 4.46230294 9.00000000 0.94415664 2.54910275
11 10 1.02870596 8.83432163 -0.60609729 -1.63430590
11 11 6.73355187 5.08411296 -2.26644813 -0.06742952
11 12 2.95492492 1.82607623 -0.80570133 -1.28987702
11 13 7.47309319 7.24250271 -1.52690681 1.87252800
11 14 4.71160824 8.38121016 -4.28839176 2.00503999
11 15 4.05948089 5.50690313 2.90900638 -3.49309687
11 16 3.02089799 6.12095860 -0.24083638 0.36380565
11 17 9.00000000 3.84367085 1.50924236 -0.30715523
11 18 9.00000000 4.52748869 1.65197209 0.51865008
11 19 4.30625226 6.85980219 0.14137497 2.08770139
12 0 5.02132936 5.38798314 4.02132936 3.45628044
12 1 3.44213943 5.24269841 2.44213943 3.28962580
12 2 2.46954444 4.32514634 -0.32908961 3.32514634
12 3 7.91899322 3.74824359 -1.08100678 2.36230677
12 4 5.85133806 2.92510476 1.30220807 -0.29898901
12 5 6.01984412 1.31371273 -1.29289423 -0.16253220
12 6 7.83622490 3.53645315 0.30182513 0.28688874
12 7 3.19616585 4.54127986 -0.15190393 1.12946909
12 8 9.00000000 3.39941645 2.18666533 2.99330761
12 9 5.40645957 6.45089725 0.94415664 -2.54910275
12 10 1.57739133 7.20001573 0.60609729 -1.63430590
12 11 8.93276398 5.06909839 2.86809081 -0.00716371
12 12 2.14922359 1.46380079 -0.80570133 1.28987702
12 13 5.94618639 8.88496929 -1.52690681 -1.87252800
12 14 3.93930316 9.00000000 -3.97421267 3.18423702
12 15 2.50282704 1.96139131 -2.22553255 -3.55336268
12 16 2.78006162 6.48476425 -0.24083638 0.36380565
12 17 7.49075764 3.53651561 -1.50924236 -0.30715523
12 18 7.34802791 5.04613877 -1.65197209 0.51865008
12 19 4.13344814 7.76830653 -0.17280412 0.90850435
13 0 6.76211604 2.55023402 1.74078668 -2.83774913
13 1 6.50513224 7.36759590 3.06299281 2.12489749
13 2 1.70322127 7.52023757 -0.76632317 3.19509123
13 3 7.42495113 4.77628600 -0.49404208 1.02804241
13 4 7.11135984 3.02953541 1.26002178 0.10443066
13 5 5.32656431 1.00000000 -1.25070793 -0.56595187
13 6 8.13805004 3.82334189 0.30182513 0.28688874
13 7 3.48149549 5.80080406 0.28532964 1.25952420
13 8 6.81333467 6.39272406 -2.18666533 2.99330761
13 9 7.60145305 9.00000000 3.22469932 3.74492682
13 10 2.18348862 5.56570982 0.60609729 -1.63430590
13 11 6.19914521 5.06193468 -2.86809081 -0.00716371
13 12 1.51223475 1.00000000 -3.56900834 -2.59864660
13 13 6.52471126 8.19174924 0.68953543 -0.63104010
13 14 1.00000000 6.64495795 -3.97421267 -3.18423702
13 15 3.04060149 2.29655224 0.53777445 0.33516094
13 16 1.91837186 8.01329822 -0.86168976 1.52853397
13 17 5.98151529 3.22936038 -1.50924236 -0.30715523
13 18 5.10909113 6.89905320 -2.23893678 1.85291444
13 19 1.85521234 7.49750293 -2.38924636 -0.33298355
14 0 8.50290271 2.28751511 1.74078668 2.83774913
14 1 7.36737336 9.00000000 2.33637588 4.42325178
14 2 1.00000000 8.40913939 -1.39247243 1.76014483
14 3 6.91802575 5.57415904 -0.58291949 -0.55981686
14 4 7.85997262 2.73855977 0.74861278 -0.29097565
14 5 4.07585638 1.56595187 -1.25070793 0.56595187
14 6 8.95128417 4.50563694 0.81323413 0.68229505
14 7 2.30743609 6.07557952 -1.17405940 0.27477546
14 8 5.35328628 7.08767738 -1.46004840 0.69495332
14 9 9.00000000 7.37583121 3.22469932 -3.74492682
14 10 1.61127552 3.64905678 -2.31071706 -2.33323395
14 11 4.50936479 5.33711811 0.04872355 0.69176434
14 12 1.00000000 1.37296553 -3.56900834 2.59864660
14 13 7.22712999 7.79087851 0.77841284 0.95681916
14 14 4.97421267 3.46072092 3.97421267 -3.18423702
14 15 2.56842746 2.30950757 -1.50613041 -0.31690957
14 16 1.83994777 9.00000000 -0.23554050 2.96348036
14 17 5.48222141 3.24441076 0.53466251 0.34491528
14 18 4.53193019 9.00000000 -0.77954775 2.83766318
14 19 2.53403402 7.16451939 2.38924636 -0.33298355
15 0 9.00000000 2.73101984 2.54684219 2.27226458
15 1 9.00000000 5.90909381 2.33637588 -4.42325178
15 2 1.46743716 9.00000000 1.39247243 1.76014483
15 3 6.33510626 5.01434218 -0.58291949 -0.55981686
15 4 7.80252989 3.01306866 -0.05744273 0.27450890
15 5 2.96997078 2.06046855 -1.10588560 0.49451668
15 6 8.23548170 5.18793199 -0.81323413 0.68229505
15 7 1.13337669 6.35035497 -1.17405940 0.27477546
15 8 4.17651492 8.37023662 -1.17677136 1.28255923
15 9 5.77530068 3.63090439 -3.22469932 -3.74492682
15 10 2.69944154 1.31582283 2.31071706 -2.33323395
15 11 4.27481130 5.44127654 -0.23455350 0.10415843
15 12 4.56900834 3.97161213 3.56900834 2.59864660
15 13 8.00554282 8.74769767 0.77841284 0.95681916
15 14 4.76469587 2.05791624 -0.20951679 -1.40280469
15 15 1.00000000 2.07630358 -1.65095275 -0.24547438
15 16 1.60440728 6.03651964 -0.23554050 -2.96348036
15 17 9.00000000 2.17342111 4.71839197 -1.43651706
15 18 3.75238245 6.16233682 -0.77954775 -2.83766318
15 19 4.92328037 6.83153584 2.38924636 -0.33298355
16 0 6.45315781 5.00328442 -2.54684219 2.27226458
16 1 6.66362412 1.48584204 -2.33637588 -4.42325178
16 2 2.85990960 7.23985517 1.39247243 -1.76014483
16 3 5.63629980 4.44393963 -0.69880646 -0.57040255
16 4 7.74508716 3.28757756 -0.05744273 0.27450890
16 5 2.40927129 1.34845673 0.33928799 -2.70373639
16 6 7.53813454 5.88081273 -0.69734716 0.69288074
16 7 2.04068271 6.62513043 1.17405940 0.27477546
16 8 2.99974357 8.34720415 -1.17677136 -1.28255923
16 9 6.50822378 1.00000000 1.40776787 -5.05333056
16 10 2.94218863 1.00000000 0.58044443 -3.12630106
16 11 5.25036553 3.87523508 0.97555423 -1.56604146
16 12 3.50554948 7.87866247 -1.06345885 3.90705034
16 13 8.78395566 8.29548317 0.77841284 -0.95681916
16 14 6.11578070 1.37041028 1.52075584 -0.60973758
16 15 2.65095275 1.83082920 1.65095275 -0.24547438
16 16 1.00000000 4.25493838 -1.68071409 0.23477271
16 17 5.14577444 1.00000000 -4.71839197 -1.43651706
16 18 1.76272698 4.99487352 -1.98965547 -1.16746329
16 19 7.31252673 6.49855229 2.38924636 -0.33298355
17 0 3.90631561 7.27554900 -2.54684219 2.27226458
17 1 6.96020166 1.00000000 2.12615553 -3.48298703
17 2 5.08954475 6.10789362 2.22963516 -1.13196154
17 3 5.00282919 3.96981460 -0.63347061 -0.47412503
17 4 7.68764442 3.56208646 -0.05744273 0.27450890
17 5 2.74855928 3.35527966 0.33928799 2.70373639
17 6 7.53460223 4.67395032 -0.00353231 -1.20686241
17 7 2.37757939 6.27172260 0.33689668 -0.35340783
17 8 1.00000000 8.91832333 -3.70301277 1.05756640
17 9 7.91599165 6.05333056 1.40776787 5.05333056
17 10 3.52263307 4.12630106 0.58044443 3.12630106
17 11 6.16058391 2.21291610 0.91021838 -1.66231898
17 12 4.55235983 9.00000000 1.46278256 1.56692470
17 13 8.43763150 7.33866401 -0.77841284 -0.95681916
17 14 5.41277278 1.00000000 -2.94177558 -1.55000233
17 15 4.30190549 1.58535481 1.65095275 -0.24547438
17 16 2.68071409 4.48971109 1.68071409 0.23477271
17 17 1.00000000 2.26218333 -4.71839197 1.43651706
17 18 2.22692850 3.82741023 1.98965547 -1.16746329
17 19 9.00000000 8.05795764 1.69543150 1.56675960
18 0 2.83844185 9.00000000 -1.73658239 2.80431201
18 1 9.00000000 4.34151996 2.12615553 3.48298703
18 2 7.31917991 4.97593208 2.22963516 -1.13196154
18 3 5.19342587 3.40856910 0.19059668 -0.56124550
18 4 7.83131570 2.37548585 0.14367128 -1.18660061
18 5 3.23975930 3.51891293 0.49120002 0.16363327
18 6 7.32995591 4.92819742 -0.20464632 0.25424710
18 7 1.90421627 5.38626733 -0.47336312 -0.88545526
18 8 1.28598654 9.00000000 3.70301277 1.05756640
18 9 6.92037462 5.18466157 -0.99561703 -0.86866899
18 10 3.27901021 7.33972259 -0.24362286 3.21342153
18 11 8.04126463 1.00000000 2.00457734 -1.29282132
18 12 6.01514239 7.43307530 1.46278256 -1.56692470
18 13 8.98134278 9.00000000 1.62497206 4.96518039
18 14 2.47099720 2.55000233 -2.94177558 1.55000233
18 15 4.83169356 1.00000000 0.55659379 -0.61497204
18 16 4.20951615 7.26458691 1.52880206 2.77487582
18 17 5.71839197 3.69870039 4.71839197 1.43651706
18 18 4.21658397 2.65994694 1.98965547 -1.16746329
18 19 7.98059135 9.00000000 -1.69543150 1.56675960
19 0 1.10185945 6.19568799 -1.73658239 -2.80431201
19 1 6.87384447 7.82450699 -2.12615553 3.48298703
19 2 9.00000000 5.63378676 1.81383509 0.70991530
19 3 5.64285877 2.83270443 0.44943290 -0.57586467
19 4 8.17833667 1.15788243 1.94487033 -1.46121239
19 5 3.47212311 3.69716537 0.23236381 0.17825244
19 6 7.54110967 3.34056768 0.21115375 -1.58762974
19 7 1.63091960 5.79991347 -0.16417046 1.12224080
19 8 4.98899931 7.94243360 3.70301277 -1.05756640
19 9 9.00000000 8.07055384 2.39151917 3.31870669
19 10 3.03538735 7.44685587 -0.24362286 -3.21342153
19 11 9.00000000 1.61832163 2.00457734 1.29282132
19 12 7.94502367 5.90973697 1.92988128 -1.52333832
19 13 9.00000000 8.94299198 1.62497206 -4.96518039
19 14 1.00000000 3.03613632 -3.25096825 -0.45769374
19 15 5.38828735 1.61497204 0.55659379 0.61497204
19 16 4.88410370 9.00000000 1.06170334 2.73128944
19 17 7.02440618 1.00000000 1.33125577 -2.75085862
19 18 6.00288975 1.52348645 0.18845643 -0.89285151
19 19 6.28515985 7.43324040 -1.69543150 -1.56675960
20 0 1.00000000 6.11185195 -2.61175503 -2.14962080
20 1 8.37570936 9.00000000 3.96325876 3.10199872
20 2 7.18616491 6.34370206 -1.81383509 0.70991530
20 3 5.61732016 2.12976458 -0.02553861 -0.70293985
20 4 9.00000000 1.45944646 1.94487033 1.46121239
20 5 4.17532087 2.61535134 1.28610843 -2.64182516
20 6 8.22723492 1.88001311 0.68612526 -1.46055456
20 7 2.34192178 6.26746305 0.71100218 0.46754959
20 8 2.60259778 7.26585550 -2.38640153 -0.67657810
20 9 8.33022453 9.00000000 -2.39151917 3.31870669
20 10 2.32093055 5.49350082 -1.29736748 -0.39334393
20 11 6.99542266 2.91114295 -2.00457734 1.29282132
20 12 8.12509505 4.38639865 -1.92988128 -1.52333832
20 13 7.37502794 3.97781159 -1.62497206 -4.96518039
20 14 4.25096825 2.57844258 3.25096825 -0.45769374
20 15 5.80430311 2.25086959 0.41601576 0.63589755
20 16 5.94580704 6.26871056 1.06170334 -2.73128944
20 17 8.35566195 3.75085862 1.33125577 2.75085862
20 18 6.19138768 1.00000000 0.32903445 -0.91377701
20 19 4.58972835 5.86648079 -1.69543150 -1.56675960
21 0 3.61175503 3.96223115 2.61175503 -2.14962080
21 1 9.00000000 8.51137463 3.96325876 -3.10199872
21 2 8.03009938 7.21430497 0.84393447 0.87060291
21 3 7.13189719 1.00000000 1.73893264 -1.29711759
21 4 7.05512967 2.92065885 -1.94487033 1.46121239
21 5 3.79794924 1.00000000 -0.47836283 -2.04764742
21 6 8.71697796 1.00000000 1.56308015 -2.68863228
21 7 2.57558475 4.90679731 0.23366297 -1.36066574
21 8 1.00000000 8.23261874 -1.90906232 1.15163723
21 9 5.93870537 5.68129331 -2.39151917 -3.31870669
21 10 1.02356307 5.10015689 -1.29736748 -0.39334393
21 11 3.65908267 2.46479594 -3.33633999 -0.44634701
21 12 7.52697642 4.60222866 -0.59811863 0.21583001
21 13 5.60938826 1.00000000 -2.50192696 -3.73710267
21 14 4.56689060 2.73970215 0.31592236 0.16125957
21 15 9.00000000 2.26702824 3.35106165 0.01694424
21 16 4.34974082 3.37673351 -1.59606623 -2.89197705
21 17 8.31308229 6.50171724 -1.33125577 2.75085862
21 18 6.52042213 1.91377701 0.32903445 0.91377701
21 19 2.89429685 4.29972119 -1.69543150 -1.56675960
22 0 6.16379468 3.70199108 2.55203964 -0.26024007
22 1 5.03674124 5.40937591 -3.96325876 -3.10199872
22 2 7.97646255 9.00000000 -0.09734583 3.24086905
22 3 8.87082983 2.29711759 1.73893264 1.29711759
22 4 4.88461052 3.57770282 -2.17051915 0.65704397
22 5 3.31958642 3.04764742 -0.47836283 2.04764742
22 6 9.00000000 1.48682225 1.56308015 2.68863228
22 7 2.47725325 4.17850767 -0.09833150 -0.72828964
22 8 2.27208343 9.00000000 1.90906232 1.15163723
22 9 3.54718620 2.36258662 -2.39151917 -3.31870669
22 10 2.27380441 4.70681296 1.29736748 -0.39334393
22 11 1.60422571 1.00000000 -3.27662461 -2.33572774
22 12 7.15450662 5.62222709 -0.37246980 1.01999843
22 13 3.10746130 4.73710267 -2.50192696 3.73710267
22 14 5.48412170 1.00000000 1.04931560 -1.99022537
22 15 5.64893835 2.28397248 -3.35106165 0.01694424
22 16 2.02028135 2.63624140 -2.32945947 -0.74049210
22 17 7.92310682 6.88230972 -0.38997546 0.38059248
22 18 6.84945658 2.82755403 0.32903445 0.91377701
22 19 1.53085982 2.10058548 -1.36343703 -2.19913571
23 0 7.29937110 5.24819223 1.13557642 1.54620115
23 1 1.39583511 6.18854376 -3.64090612 0.77916785
23 2 7.87911672 5.75913095 -0.09734583 -3.24086905
23 3 7.39023753 3.59423518 -1.73893264 1.29711759
23 4 2.89154653 1.00000000 -2.49287179 -3.22412260
23 5 4.30669095 3.12785624 0.98710453 0.08020882
23 6 7.43691985 4.17545453 -1.56308015 2.68863228
23 7 1.00000000 5.34907818 -1.56379886 1.23914896
23 8 4.18114575 7.84836277 1.90906232 -1.15163723
23 9 2.98164921 1.00000000 -1.24922409 -3.18658335
23 10 1.00000000 4.42146948 -2.34704211 -0.52575825
23 11 1.00000000 1.43071969 -3.27662461 2.33572774
23 12 6.49303514 6.16842133 -0.66147148 0.54619424
23 13 4.24994393 8.60661967 1.14248263 3.86951699
23 14 6.53343730 2.99022537 1.04931560 1.99022537
23 15 2.29787669 2.30091671 -3.35106165 0.01694424
23 16 2.30917812 1.89574930 2.32945947 -0.74049210
23 17 7.82213304 7.73670640 -0.10097378 0.85439668
23 18 8.59495425 1.93488982 1.74549767 -0.89266421
23 19 1.00000000 1.57992023 -2.50573211 -2.33125904
24 0 5.36645575 4.09008449 -1.93291534 -1.15810774
24 1 4.24507101 6.96771161 3.64090612 0.77916785
24 2 9.00000000 5.55671030 2.97114593 -0.53656015
24 3 7.84030318 6.43450882 0.45006565 2.84027363
24 4 1.00000000 3.44640657 -2.49287179 3.22412260
24 5 5.29379548 3.20806506 0.98710453 0.08020882
24 6 6.78840462 4.95535280 -0.55986385 0.59487927
24 7 2.56379886 6.58822714 1.56379886 1.23914896
24 8 6.09020807 6.69672554 1.90906232 -1.15163723
24 9 1.73242511 4.18658335 -1.24922409 3.18658335
24 10 3.34704211 3.89571123 2.34704211 -0.52575825
24 11 4.27662461 3.76644743 3.27662461 2.33572774
24 12 4.91699872 8.62334957 -1.66468779 2.63994724
24 13 5.39242655 5.52386334 1.14248263 -3.86951699
24 14 5.39375460 3.43729471 -1.13968270 0.44706933
24 15 3.05318496 2.31786095 3.35106165 0.01694424
24 16 4.63863759 1.15525719 2.32945947 -0.74049210
24 17 7.72115926 8.59110308 -0.10097378 0.85439668
24 18 7.65954807 1.04222561 -1.74549767 -0.89266421
24 19 1.62332186 1.00000000 2.50573211 -2.33125904
25 0 3.55454740 4.40087445 -1.81190836 0.31078996
25 1 6.46827982 7.95508958 2.22320880 0.98737798
25 2 6.02885407 5.02015015 -2.97114593 -0.53656015
25 3 8.43631987 7.50604734 0.60909967 0.91298994
25 4 3.49287179 6.67052917 2.49287179 3.22412260
25 5 6.15989303 1.81937618 0.86609755 -1.38868888
25 6 9.00000000 4.38454053 2.45978869 -0.63487092
25 7 4.12759772 7.82737609 1.56379886 1.23914896
25 8 9.00000000 5.50731803 3.32675964 -1.35984736
25 9 1.51679898 7.37316671 1.24922409 3.18658335
25 10 5.82542534 4.07518216 2.47838323 0.17947093
25 11 4.00173811 7.14859733 -0.27488649 3.38214989
25 12 3.25231094 6.73670319 -1.66468779 -2.63994724
25 13 3.51525664 2.88409653 -1.87716992 -2.63976681
25 14 7.80558300 2.83794188 2.41182840 -0.59935282
25 15 6.27290549 1.62957600 3.21972053 -0.68828494
25 16 6.96809706 1.58523491 2.32945947 0.74049210
25 17 7.68120227 9.00000000 -0.26000780 2.78168037
25 18 5.91405040 1.85043861 -1.74549767 0.89266421
25 19 4.12905397 3.33125904 2.50573211 2.33125904
26 0 1.74263904 4.71166442 -1.81190836 0.31078996
26 1 7.04107112 9.00000000 0.70709507 1.33742492
26 2 3.44639047 6.28909885 -2.58246360 1.26894870
26 3 9.00000000 7.66434997 2.12521341 0.56294300
26 4 4.93367622 7.97716134 1.44080443 1.30663217
26 5 7.02599058 1.56931270 0.86609755 1.38868888
26 6 6.54021131 3.74966961 -2.45978869 -0.63487092
26 7 5.09933598 9.00000000 2.61586622 3.15663938
26 8 5.67324036 4.14747067 -3.32675964 -1.35984736
26 9 1.78379023 9.00000000 0.56420215 3.43780114
26 10 7.91512624 2.44914424 2.08970090 -1.62603792
26 11 3.72685162 7.46925278 -0.27488649 -3.38214989
26 12 2.27264509 3.84553815 -0.97966585 -2.89116503
26 13 1.63808672 1.75567028 -1.87716992 2.63976681
26 14 9.00000000 2.73767841 2.86680378 -0.24064936
26 15 7.93540451 1.00000000 2.76474515 -1.04698840
26 16 8.70244347 2.32572702 -2.32945947 0.74049210
26 17 7.42119447 6.21831963 -0.26000780 -2.78168037
26 18 4.43304783 2.24127374 -1.41466247 0.26496746
26 19 6.37029096 6.16434716 2.17489690 2.95895580
27 0 2.06926932 5.02245438 1.81190836 0.31078996
27 1 7.74816619 7.66257508 0.70709507 -1.33742492
27 2 1.00000000 4.46447326 -3.50534260 -2.61443866
27 3 6.87478659 8.22729296 -2.12521341 0.56294300
27 4 6.37448066 8.71620648 1.44080443 -1.30663217
27 5 7.00304533 2.07826196 -0.02294524 0.50894926
27 6 4.08042261 3.11479869 -2.45978869 -0.63487092
27 7 7.71520220 5.84336062 2.61586622 -3.15663938
27 8 3.41890947 4.59430524 -2.11538596 0.68091007
27 9 2.34799239 5.56219886 0.56420215 -3.43780114
27 10 9.00000000 2.17733857 2.97874369 -0.74629829
27 11 4.37484413 7.97049024 0.64799251 0.50123746
27 12 2.87293427 5.41489040 0.66099176 1.74072729
27 13 1.00000000 1.53132497 -3.51782752 -1.99212552
27 14 6.13319622 2.49702905 -2.86680378 -0.24064936
27 15 9.00000000 1.40315438 2.76474515 1.04698840
27 16 6.37298401 3.06621912 -2.32945947 0.74049210
27 17 9.00000000 4.52455289 2.46254422 -2.64185512
27 18 2.39024801 1.00000000 -2.62603615 -1.77578998
27 19 5.82263585 8.98347771 -0.54765512 2.81913055
28 0 1.00000000 5.86995002 -1.86297379 1.47658045
28 1 8.90233589 5.98223917 1.15416970 -1.68033591
28 2 4.50534260 1.85003461 3.50534260 -2.61443866
28 3 6.90096911 9.00000000 0.58987061 0.93053438
28 4 7.36821046 7.75248530 0.99372980 -0.96372118
28 5 6.98010009 2.58721121 -0.02294524 0.50894926
28 6 1.28093588 2.56840717 -2.93710272 -0.51054740
28 7 7.66893159 2.68672123 -2.61586622 -3.15663938
28 8 4.97840566 4.10942482 1.55949619 -0.48488041
28 9 1.65480792 2.47724378 -0.69318447 -3.08495507
28 10 6.02125631 1.43104028 -2.97874369 -0.74629829
28 11 2.81492003 8.17280100 -2.06709151 0.13364609
28 12 4.79131265 6.80277162 1.91837837 1.38788122
28 13 1.93824891 1.00000000 3.51782752 -1.99212552
28 14 3.60609049 2.16790030 -2.38948975 -0.36497288
28 15 6.23525485 2.45014279 -2.76474515 1.04698840
28 16 4.04352454 3.80671123 -2.32945947 0.74049210
28 17 6.53745578 1.88269777 -2.46254422 -2.64185512
28 18 1.00000000 1.94011976 -2.62603615 1.77578998
28 19 5.27498073 6.19739174 -0.54765512 -2.81913055
29 0 2.86297379 7.34653047 1.86297379 1.47658045
29 1 7.94349441 4.30190326 -1.15416970 -1.68033591
29 2 1.50709465 1.03317027 -2.99824795 -0.81686433
29 3 7.49083972 8.06946562 0.58987061 -0.93053438
29 4 8.36194026 6.78876412 0.99372980 -0.96372118
29 5 3.89852677 2.65430476 -3.08157332 0.06709354
29 6 3.65616685 2.05785977 2.93710272 -0.51054740
29 7 7.94402379 1.00000000 0.44276186 -2.71478367
29 8 4.39523630 6.61838978 -0.63019177 2.57466716
29 9 1.00000000 1.82541507 -2.76853827 -2.75594215
29 10 6.61851537 1.00000000 3.52484686 -2.54387262
29 11 1.25217148 8.30644709 2.06709151 0.13364609
29 12 6.70969102 8.19065284 1.91837837 1.38788122
29 13 5.45607643 2.99212552 3.51782752 1.99212552
29 14 3.29195454 1.47391450 -0.31413595 -0.69398580
29 15 5.75510354 1.00000000 -0.57505718 -2.01255917
29 16 1.71406507 4.54720333 -2.32945947 0.74049210
29 17 4.07491155 2.75915735 -2.46254422 2.64185512
29 18 3.62603615 3.71590974 2.62603615 1.77578998
29 19 4.72732561 3.37826120 -0.54765512 -2.81913055
30 0 2.49008172 9.00000000 -0.59658866 2.64537985
30 1 9.00000000 4.24717683 4.11837232 0.60904547
30 2 1.00000000 1.10498626 -2.99824795 0.81686433
30 3 9.00000000 7.01093611 1.53592986 -1.07730578
30 4 8.64432993 5.82504294 -0.99372980 -0.96372118
30 5 1.46842820 4.32467015 -2.43009857 1.67036539
30 6 4.80000821 1.00000000 2.28562798 -2.11381925
30 7 8.38678565 3.71478367 0.44276186 2.71478367
30 8 6.22460699 8.02425754 1.82937068 1.40586776
30 9 1.82918766 1.00000000 2.76853827 -2.75594215
30 10 9.00000000 2.71871113 3.52484686 2.54387262
30 11 3.31926299 8.44009318 2.06709151 0.13364609
30 12 7.22247398 9.00000000 0.97231912 1.53465262
30 13 4.43817855 3.01480153 -1.75471450 -0.29725586
30 14 2.97288831 1.00000000 -1.48773667 -1.91711863
30 15 5.18004636 3.01255917 -0.57505718 2.01255917
30 16 2.61539440 5.28769544 2.32945947 0.74049210
30 17 2.86340226 2.73450266 -1.21150929 -0.02465470
30 18 5.00103737 8.15820954 1.37500122 4.44229980
30 19 5.09856781 1.51681025 0.62594561 -1.59599772
31 0 1.89349306 6.35462015 -0.59658866 -2.64537985
31 1 4.88162768 4.85622230 -4.11837232 0.60904547
31 2 3.99824795 1.92185059 2.99824795 0.81686433
31 3 7.46407014 5.93363033 -1.53592986 -1.07730578
31 4 8.03766239 8.52437752 -0.59346520 2.82427815
31 5 2.96167037 5.99503554 2.43009857 1.67036539
31 6 7.08563618 3.11381925 2.28562798 2.11381925
31 7 8.44248525 2.76651157 0.04249725 -1.07321566
31 8 8.05397767 8.56987469 1.82937068 -1.40586776
31 9 4.59772593 3.75594215 2.76853827 2.75594215
31 10 5.47515314 5.26258375 -3.52484686 2.54387262
31 11 4.01073297 8.80430835 0.69146999 0.36421518
31 12 8.19479311 7.46534738 0.97231912 -1.53465262
31 13 3.25701925 2.81963438 -1.18115930 -0.19516715
31 14 1.48515164 2.91711863 -1.48773667 1.91711863
31 15 5.37879196 3.89949736 0.95090016 -0.20719194
31 16 4.17105108 7.15380852 0.80350213 2.96024321
31 17 1.07833777 2.60775925 -1.78506449 -0.12674341
31 18 5.55079901 9.00000000 2.75062274 4.21173071
31 19 5.72451341 2.07918747 0.62594561 1.59599772
32 0 1.00000000 4.31201924 -1.74343046 -0.49504407
32 1 1.81912511 9.00000000 -3.16910043 4.28801197
32 2 4.71416545 2.53069664 0.71591750 0.60884606
32 3 6.59706073 5.89764949 -0.41383864 0.66948128
32 4 6.37617079 8.37033274 -1.66149160 -0.15404478
32 5 5.18807614 7.47023186 2.22640577 1.47519632
32 6 8.03167528 5.57052816 0.94603909 2.45670891
32 7 9.00000000 2.19527395 1.38208614 -1.41610531
32 8 8.84652415 9.00000000 2.89739709 1.57245517
32 9 6.41699230 2.83291780 1.81926638 -0.92302435
32 10 1.95030628 7.80645636 -3.52484686 2.54387262
32 11 4.70220296 8.83147647 0.69146999 -0.36421518
32 12 8.83288777 5.93069475 -0.97231912 -1.53465262
32 13 2.39410861 2.02774895 -0.03431750 -2.34550293
32 14 2.00258503 4.83423726 1.48773667 1.91711863
32 15 5.66077168 2.65098049 -0.17119106 -1.95397899
32 16 4.76034799 9.00000000 1.00719493 3.15541229
32 17 2.70672672 2.48101584 1.78506449 -0.12674341
32 18 8.30142175 4.78826929 2.75062274 -4.21173071
32 19 8.63278947 3.88320347 2.90827606 1.80401600
33 0 2.74343046 3.81697517 1.74343046 -0.49504407
33 1 1.00000000 7.89166709 -3.16910043 -4.28801197
33 2 4.23659064 2.98788741 -0.47757481 0.45719077
33 3 6.18322208 6.56713076 -0.41383864 0.66948128
33 4 6.81008455 9.00000000 1.59285835 2.31145179
33 5 4.16013196 6.47993161 -1.02794419 -0.99030025
33 6 5.88923455 6.63888221 -2.14244073 1.06835405
33 7 7.83344019 1.00000000 -1.38208614 -1.41610531
33 8 9.00000000 8.91670666 2.89739709 -1.57245517
33 9 8.23625868 1.90989345 1.81926638 -0.92302435
33 10 1.70349451 9.00000000 3.52484686 2.54387262
33 11 5.39367295 8.46726129 0.69146999 -0.36421518
33 12 9.00000000 5.91914168 2.11616070 -0.14629777
33 13 2.35979111 2.31775398 -0.03431750 2.34550293
33 14 3.49032170 6.75135588 1.48773667 1.91711863
33 15 6.59722910 1.00000000 1.02230124 -1.80232370
33 16 5.76754292 5.84458771 1.00719493 -3.15541229
33 17 4.49179121 2.35427243 1.78506449 -0.12674341
33 18 9.00000000 5.66840428 0.82708369 1.04203830
33 19 9.00000000 3.62102754 4.83181511 -3.44975301
34 0 2.38511170 4.48894222 -0.35831876 0.67196705
34 1 4.16910043 3.60365513 3.16910043 -4.28801197
34 2 5.86076505 2.27806705 1.62417441 -0.70982036
34 3 6.25727473 6.01768313 0.09540637 -0.60279697
34 4 8.40294291 6.68854821 1.59285835 -2.31145179
34 5 2.21468973 5.40528884 -1.94544222 -1.07464277
34 6 4.66429186 7.79157877 -1.22494269 1.15269656
34 7 6.45135405 2.41610531 -1.38208614 1.41610531
34 8 6.10260291 7.34425149 -2.89739709 -1.57245517
34 9 7.97035575 1.00000000 -1.81926638 -0.92302435
34 10 5.22834137 6.45612738 3.52484686 -2.54387262
34 11 5.53263952 9.00000000 0.18222498 0.90806307
34 12 6.88383930 5.77284392 -2.11616070 -0.14629777
34 13 2.32547361 4.66325691 -0.03431750 2.34550293
34 14 4.97805837 8.66847451 1.48773667 1.91711863
34 15 7.61953034 2.80232370 1.02230124 1.80232370
34 16 7.35401767 3.93204858 2.30570167 -0.36940260
34 17 5.69501275 1.00000000 0.48655776 -2.91275309
34 18 8.17291631 6.71044258 -0.82708369 1.04203830
34 19 5.32891966 1.00000000 -4.83181511 -3.44975301
35 0 2.28770631 3.75799699 -0.09740540 -0.73094523
35 1 7.33820085 2.68435684 3.16910043 4.28801197
35 2 5.10555598 1.01211382 -0.75520907 -1.26595324
35 3 6.42408250 4.80250026 0.16680777 -1.21518287
35 4 8.00419874 4.37709642 -1.59285835 -2.31145179
35 5 1.00000000 5.58601475 -2.20635558 0.32826952
35 6 3.43934917 8.94427533 -1.22494269 1.15269656
35 7 7.44865139 4.38834350 0.99729734 1.97223819
35 8 3.13380442 6.38418222 -2.96879849 -0.96006927
35 9 6.15108937 1.92302435 -1.81926638 0.92302435
35 10 3.08773132 6.25059235 -2.14061004 -0.20553503
35 11 5.71486450 8.09193693 0.18222498 -0.90806307
35 12 9.00000000 4.29145511 3.54929621 -2.48463535
35 13 2.29115611 7.00875983 -0.03431750 2.34550293
35 14 6.46579504 7.41440686 1.48773667 -1.91711863
35 15 9.00000000 2.32709660 1.57317175 -0.54156485
35 16 9.00000000 5.78406094 1.75483116 1.97448595
35 17 6.18157051 3.91275309 0.48655776 2.91275309
35 18 7.34583262 7.75248089 -0.82708369 1.04203830
35 19 1.00000000 4.09070262 -4.83181511 3.44975301
36 0 2.19030091 3.02705176 -0.09740540 -0.73094523
36 1 7.49414564 1.00000000 0.28231001 -3.04922515
36 2 4.35034691 2.25383942 -0.75520907 1.26595324
36 3 6.19726155 3.74643210 -0.22682094 -1.05606815
36 4 9.00000000 8.24490642 1.29393207 5.02578532
36 5 3.20635558 5.91428426 2.20635558 0.32826952
36 6 2.21440648 7.90302811 -1.22494269 -1.15269656
36 7 8.83957745 6.20146698 1.39092605 1.81312347
36 8 1.00000000 6.35962566 -2.64819611 -0.03047636
36 9 4.33182300 2.84604870 -1.81926638 0.92302435
36 10 1.00000000 5.28771644 -2.46121242 -1.13512794
36 11 4.54066183 7.46618935 -1.17420267 -0.62574758
36 12 5.45070379 1.80681976 -3.54929621 -2.48463535
36 13 2.25683861 8.64573724 -0.03431750 -2.34550293
36 14 8.83636412 8.22609442 2.80739673 2.16190758
36 15 7.42682825 1.78553175 -1.57317175 -0.54156485
36 16 7.24516884 7.75854689 -1.75483116 1.97448595
36 17 5.78529586 4.09669999 -0.83310230 -1.16627312
36 18 7.87517658 8.51220370 0.52934396 0.75972281
36 19 5.83181511 7.54045564 4.83181511 3.44975301
37 0 2.09289552 2.29610654 -0.09740540 -0.73094523
37 1 7.77645565 4.04922515 0.28231001 3.04922515
37 2 3.60481389 3.21044943 -0.74553302 0.95661001
37 3 5.65924196 3.35933790 -0.66310091 -0.11821083
37 4 8.80559460 9.00000000 -1.29393207 5.02578532
37 5 3.58824180 4.05256433 0.35218401 -1.89737277
37 6 1.00000000 5.76078175 -1.28899429 -2.27382129
37 7 7.76949650 8.01459045 -1.39092605 1.81312347
37 8 3.64819611 6.32914930 2.64819611 -0.03047636
37 9 2.50288057 4.07841628 -1.82894242 1.23236758
37 10 3.46121242 4.15258850 2.46121242 -1.13512794
37 11 5.17799499 9.00000000 0.67996889 1.59989471
37 12 1.90140759 2.67781559 -3.54929621 2.48463535
37 13 2.28657271 7.42135904 0.02973410 -1.22437820
37 14 8.15866231 9.00000000 -2.80739673 2.16190758
37 15 6.49146038 1.00000000 -1.13689178 -1.47942218
37 16 9.00000000 8.83326578 4.90097960 3.00152829
37 17 4.95219356 2.93042687 -0.83310230 -1.16627312
37 18 8.40452055 8.72807349 0.52934396 -0.75972281
37 19 4.73296224 9.00000000 -1.82399565 2.42271068
38 0 1.99549012 1.56516131 -0.09740540 -0.73094523
38 1 8.13178115 7.12216290 1.51772884 3.45044134
38 2 2.91584795 1.29258774 -0.68896593 -1.91786169
38 3 4.99614105 3.24112707 -0.66310091 -0.11821083
38 4 7.51166254 3.97421468 -1.29393207 -5.02578532
38 5 3.88385873 5.02966326 0.29561693 0.97709893
38 6 2.28899429 3.48696046 1.28899429 -2.27382129
38 7 6.42231173 9.00000000 -1.81988251 1.33116825
38 8 6.22337674 6.27496033 1.41277728 -0.43169256
38 9 1.00000000 5.60245663 -1.64276780 1.66589711
38 10 3.96730810 4.62007550 0.50609568 0.46748700
38 11 5.85796388 7.40010529 0.67996889 -1.59989471
38 12 1.00000000 3.17276855 -3.73547083 2.05110581
38 13 2.31630680 6.19698085 0.02973410 -1.22437820
38 14 5.35126557 6.83809242 -2.80739673 -2.16190758
38 15 5.35456860 2.47942218 -1.13689178 1.47942218
38 16 8.72775170 9.00000000 -4.90097960 3.00152829
38 17 5.73444505 1.00000000 1.12201444 -2.76888806
38 18 9.00000000 8.55547115 0.95830042 -0.27776759
38 19 2.90896659 6.57728932 -1.82399565 -2.42271068
39 0 1.72539294 1.00000000 -0.31809164 -0.66558670
39 1 9.00000000 8.90400742 1.51772884 -3.45044134
39 2 2.84676188 1.00000000 -0.46827969 -1.98322022
39 3 4.47042459 2.93877939 -0.52571646 -0.30234768
39 4 6.21773047 3.05157065 -1.29393207 5.02578532
39 5 5.06301798 5.34880983 1.17915925 0.31914657
39 6 3.57798858 1.21313917 1.28899429 -2.27382129
39 7 4.60242922 7.66883175 -1.81988251 -1.33116825
39 8 7.90943318 5.00181225 1.68605644 -1.27314808
39 9 2.64276780 7.26835374 1.64276780 1.66589711
39 10 4.33601933 5.27169936 0.36871123 0.65162386
39 11 6.26465362 6.64166611 0.40668974 -0.75843919
39 12 4.73547083 5.22387437 3.73547083 2.05110581
39 13 1.46249858 5.63055501 -0.85380822 -0.56642584
39 14 3.00258144 4.76694467 -1.91070112 -1.98448942
39 15 4.21767681 3.95884436 -1.13689178 1.47942218
39 16 3.82677210 5.99847171 -4.90097960 -3.00152829
39 17 6.85645949 3.76888806 1.12201444 2.76888806
39 18 8.04169958 8.27770355 -0.95830042 -0.27776759
39 19 1.00000000 4.42099879 -2.72069126 -2.60012884
40 0 1.40730130 1.66558670 -0.31809164 0.66558670
40 1 7.48227116 5.45356608 -1.51772884 -3.45044134
40 2 2.37848219 2.98322022 -0.46827969 1.98322022
40 3 3.52219222 2.60915766 -0.94823237 -0.32962173
40 4 5.34631431 8.10463002 -0.87141616 5.05305937
40 5 5.34679927 4.70460698 0.28378130 -0.64420285
40 6 4.86698286 3.06068213 1.28899429 2.27382129
40 7 2.78254671 6.33766349 -1.81988251 -1.33116825
40 8 9.00000000 5.25054470 3.44428771 0.78556040
40 9 3.30301463 9.00000000 0.92762623 2.43290906
40 10 4.76661287 6.60982631 0.43059354 1.33812695
40 11 7.56672131 6.84657634 1.30206769 0.20491023
40 12 7.68339271 5.53357015 2.06408086 -1.64463304
40 13 1.00000000 5.43078916 -1.05290759 -0.45477972
40 14 1.29097969 2.67080913 -1.71160175 -2.09613554
40 15 3.01890272 4.75176345 -1.19877409 0.79291909
40 16 1.00000000 3.45350836 -4.18583803 -3.76854023
40 17 6.22024266 4.47906765 -0.63621683 0.71017958
40 18 7.71628149 9.00000000 0.71308955 3.41797126
40 19 3.72069126 1.82086995 2.72069126 -2.60012884
40 0 1.40730130 1.66558670 -0.31809164 0.66558670 19 15
40 1 7.48227116 5.45356608 -1.51772884 -3.45044134 17 22
40 2 2.37848219 2.98322022 -0.46827969 1.98322022 22 17
40 3 3.52219222 2.60915766 -0.94823237 -0.32962173 27 9
40 4 5.34631431 8.10463002 -0.87141616 5.05305937 21 14
40 5 5.34679927 4.70460698 0.28378130 -0.64420285 28 10
40 6 4.86698286 3.06068213 1.28899429 2.27382129 23 13
40 7 2.78254671 6.33766349 -1.81988251 -1.33116825 24 13
40 8 9.00000000 5.25054470 3.44428771 0.78556040 21 16
40 9 3.30301463 9.00000000 0.92762623 2.43290906 18 19
40 10 4.76661287 6.60982631 0.43059354 1.33812695 20 16
40 11 7.56672131 6.84657634 1.30206769 0.20491023 22 15
40 12 7.68339271 5.53357015 2.06408086 -1.64463304 22 17
40 13 1.00000000 5.43078916 -1.05290759 -0.45477972 17 17
40 14 1.29097969 2.67080913 -1.71160175 -2.09613554 21 16
40 15 3.01890272 4.75176345 -1.19877409 0.79291909 22 15
40 16 1.00000000 3.45350836 -4.18583803 -3.76854023 20 15
40 17 6.22024266 4.47906765 -0.63621683 0.71017958 22 14
40 18 7.71628149 9.00000000 0.71308955 3.41797126 20 15
40 19 3.72069126 1.82086995 2.72069126 -2.60012884 18 16
