0 0 2.94062639 1.10775660 -1.76831586 -2.49140866
0 1 4.87446437 7.12270213 1.28866935 2.35984942
0 2 5.73063784 4.83022948 1.48291900 -1.39381646
0 3 6.58926904 3.84483289 2.38526313 -1.58121449
0 4 4.01995198 5.33296092 2.49933160 -2.30312165
0 5 7.81976177 4.73608787 2.47093449 2.32121618
0 6 2.15371008 7.40529751 2.48223831 1.87470026
0 7 4.75889617 8.76793040 1.36973985 -1.73779383
0 8 6.44536285 1.21335455 1.83592387 1.76926253
0 9 7.37035350 3.53122082 -2.28561664 -1.71131098
0 10 5.82276397 1.19411489 -1.69474074 1.59359640
0 11 7.87853919 8.60815245 2.10104682 -2.45141202
0 12 6.64339799 1.59000981 -2.44648198 1.77347100
0 13 4.05293600 7.69541980 -2.15776400 1.39586362
0 14 2.79130581 3.47670366 -1.72129228 -1.64342054
0 15 7.20183654 3.26667286 2.04108414 -1.88685028
0 16 7.67302883 2.59554280 -2.16250654 1.61649687
0 17 7.16277254 2.71800284 -1.32582834 -1.77114565
0 18 1.92755901 6.48436244 2.36636045 -2.49725025
0 19 1.22378679 2.18451739 2.05167409 -1.97266619
1 0 2.93930782 1.00000000 0.69884751 -4.07727931
1 1 6.44995529 5.39936118 1.57549092 -1.72334095
1 2 8.39514687 3.08917074 2.66450903 -1.74105874
1 3 4.99708751 3.86059634 -1.59218153 0.01576345
1 4 5.33769355 3.37708155 1.31774157 -1.95587937
1 5 9.00000000 5.45705719 2.67636162 -2.42651904
1 6 1.00000000 8.04160694 -2.12343651 1.17114577
1 7 4.86604752 9.00000000 1.08291828 2.34539654
1 8 7.35558235 1.22196278 0.91021950 0.00860823
1 9 8.66479616 1.00000000 1.69182802 -3.30828892
1 10 2.63966540 1.14925349 -3.20258829 -0.06631665
1 11 9.00000000 8.00480256 1.89561969 2.29632320
1 12 5.12262038 5.12413511 -1.52077761 3.53412530
1 13 5.57406987 9.00000000 2.44791082 2.09941811
1 14 1.07001353 1.83328312 -1.72129228 -1.64342054
1 15 6.20745984 5.70329955 -0.99437670 2.43662669
1 16 8.18756381 1.00000000 0.87295430 -2.70698010
1 17 7.32530203 2.58531499 0.18201921 -0.11123260
1 18 4.29391946 3.98711219 2.36636045 -2.49725025
1 19 1.00000000 1.94118842 -0.41548928 -0.38679554
2 0 2.93930782 5.07727931 0.69884751 4.07727931
2 1 8.02544622 3.67602022 1.57549092 -1.72334095
2 2 6.94034410 2.69394415 -2.66450903 -1.74105874
2 3 7.67728974 3.10766125 2.68020223 -0.75293509
2 4 6.65543512 1.42120218 1.31774157 -1.95587937
2 5 6.32363838 5.45705719 -2.67636162 -2.42651904
2 6 3.12343651 8.04160694 2.12343651 1.17114577
2 7 4.86604752 6.65460346 1.08291828 -2.34539654
2 8 8.26810318 1.12695476 0.91252083 -0.09500802
2 9 8.66479616 4.30828892 1.69182802 3.30828892
2 10 2.40029034 1.00000000 -1.38011697 -0.86052102
2 11 7.10438031 8.00480256 -1.89561969 2.29632320
2 12 3.55552291 8.63353158 -1.56709748 3.50939646
2 13 5.57406987 6.90058189 2.44791082 -2.09941811
2 14 1.00000000 1.81650530 -3.54376360 -0.84921617
2 15 5.25940302 8.16465508 -0.94805683 2.46135553
2 16 8.18756381 3.70698010 0.87295430 2.70698010
2 17 7.50501991 2.57769863 0.17971788 -0.00761636
2 18 2.38789615 2.25856048 -1.90602331 -1.72855171
2 19 1.41548928 1.94118842 0.41548928 -0.38679554
3 0 3.61166391 8.84544137 0.69884751 -4.07727931
3 1 9.00000000 3.45417733 2.30915644 -0.52564565
3 2 4.42007251 1.59722118 -2.52027159 -1.09672297
3 3 9.00000000 1.78216925 1.94653671 -1.95063040
3 4 6.84552804 1.00000000 1.17350412 -2.60021514
3 5 5.85181257 1.21930723 -0.47182581 -4.23774996
3 6 5.07747218 8.98068678 1.95403567 0.93907984
3 7 3.74442999 6.12043783 -1.12161753 -0.53416563
3 8 8.81937599 1.05075259 -0.91252083 -0.09500802
3 9 7.64337582 4.96376403 -1.69182802 3.30828892
3 10 2.40029034 1.86052102 -1.38011697 0.86052102
3 11 6.71182583 9.00000000 -1.12509077 2.85231102
3 12 3.41862144 9.00000000 -1.39769664 3.74146239
3 13 7.25145177 4.24517596 1.67738190 -2.65540593
3 14 4.54376360 1.81650530 3.54376360 -0.84921617
3 15 4.93764761 7.37398939 -0.94805683 -2.46135553
3 16 8.93948189 6.22629710 -0.87295430 2.70698010
3 17 7.68473778 2.57008227 0.17971788 -0.00761636
3 18 2.97566043 1.34392579 0.58776428 -0.91463469
3 19 1.00000000 1.70114435 -2.07829831 -1.20071255
4 0 2.76886417 6.47893717 -0.84279974 -2.36650420
4 1 6.69084356 3.45417733 -2.30915644 -0.52564565
4 2 4.94608898 1.03470222 0.52601647 -0.56251896
4 3 7.05346329 1.78216925 -1.94653671 -1.95063040
4 4 6.84552804 3.60021514 1.17350412 2.60021514
4 5 5.91844453 1.00000000 1.57091126 -5.17037456
4 6 5.11765909 8.08023338 1.95403567 -0.93907984
4 7 2.62281246 5.58627220 -1.12161753 -0.53416563
4 8 8.76855015 1.00000000 -0.56336058 -0.56254872
4 9 5.95154780 8.27205295 -1.69182802 3.30828892
4 10 1.02017337 2.72104205 -1.38011697 0.86052102
4 11 6.71182583 6.14768898 -1.12509077 -2.85231102
4 12 3.41862144 5.25853761 -1.39769664 -3.74146239
4 13 8.92883367 1.58977004 1.67738190 -2.65540593
4 14 6.04479014 1.89991374 1.50102653 0.08340843
4 15 5.53123803 3.20185875 0.59359042 -4.17213064
4 16 8.06652760 8.93327720 -0.87295430 2.70698010
4 17 7.51529541 3.03000662 -0.16944238 0.45992434
4 18 2.39205527 1.00000000 -2.45852377 -1.44883870
4 19 3.07829831 1.70114435 2.07829831 -1.20071255
5 0 2.21077385 5.85257110 -0.55809031 -0.62636607
5 1 5.15888221 4.79829354 -1.53196135 1.34411621
5 2 5.01096796 1.00000000 2.10498897 -1.12590854
5 3 6.27293554 2.16846115 -1.94653671 1.95063040
5 4 8.85283314 1.89010431 2.10729911 -2.22702888
5 5 5.91844453 6.17037456 1.57091126 5.17037456
5 6 4.53697591 6.55809169 -0.58068318 -1.52214168
5 7 1.21648550 3.31196845 -1.40632696 -2.27430375
5 8 8.76855015 1.56254872 -0.56336058 0.56254872
5 9 6.10922567 9.00000000 0.84289083 3.89135077
5 10 2.35994360 2.73362041 1.38011697 0.86052102
5 11 4.75293408 7.60570395 -2.05888576 1.97493301
5 12 2.02092480 1.51707522 -1.39769664 -3.74146239
5 13 7.39378443 1.47710905 -1.67738190 -2.65540593
5 14 6.40943570 1.00000000 0.72383143 -1.78635342
5 15 5.22735780 1.00000000 -0.56198521 -4.07203871
5 16 8.04501065 6.35974270 -0.87295430 -2.70698010
5 17 8.50142866 3.38983903 0.98613326 0.35983241
5 18 2.39205527 2.44883870 -2.45852377 1.44883870
5 19 3.57762413 1.06382138 0.49932581 -0.63732297
6 0 1.65268354 5.22620502 -0.55809031 -0.62636607
6 1 4.63300177 3.29551894 -0.52588044 -1.50277459
6 2 5.01096796 2.12590854 2.10498897 1.12590854
6 3 5.72339078 4.16243540 1.34312784 2.05269737
6 4 9.00000000 1.87574107 2.61467160 -0.25518748
6 5 6.87214794 9.00000000 1.69226480 5.02092734
6 6 2.95021183 7.88284081 -1.58676409 1.32474912
6 7 1.00000000 3.28574710 -3.86611149 -0.46827466
6 8 8.34114460 1.00000000 -1.07073306 -1.40929268
6 9 6.10922567 5.10864923 0.84289083 -3.89135077
6 10 2.34306862 3.55079758 -1.90954758 0.75845405
6 11 3.32197601 9.00000000 -2.18023930 2.12438023
6 12 1.82776122 4.22438717 -1.39769664 3.74146239
6 13 7.09240147 3.17829687 -1.67738190 2.65540593
6 14 6.40943570 2.78635342 0.72383143 1.78635342
6 15 5.22735780 5.07203871 -0.56198521 4.07203871
6 16 6.84497518 3.99674637 -1.52166885 -2.02474187
6 17 9.00000000 3.56634217 1.63484781 -0.32240582
6 18 2.39331603 2.09164830 0.00126076 -0.35719039
6 19 3.62762650 1.57350160 0.49932581 0.63732297
7 0 1.00000000 5.76928884 -1.24207161 1.03350085
7 1 3.58673213 3.40308052 -1.04626964 0.10756158
7 2 7.63634612 1.64148091 2.62537817 -0.48442763
7 3 4.93109417 1.00000000 -0.80642169 -3.21881536
7 4 6.38532840 1.87574107 -2.61467160 -0.25518748
7 5 6.87214794 3.97907266 1.69226480 -5.02092734
7 6 1.61209576 8.79241007 -1.58676409 -1.32474912
7 7 4.86611149 3.28574710 3.86611149 -0.46827466
7 8 8.34114460 2.40929268 -1.07073306 1.40929268
7 9 9.00000000 6.44192118 2.99244036 1.38016196
7 10 1.11750234 2.64938470 -1.22556628 -0.90141287
7 11 3.32197601 6.87561977 -2.18023930 -2.12438023
7 12 1.56993542 6.44020238 1.39769664 3.74146239
7 13 6.84616041 6.65501230 -0.24624107 3.47671542
7 14 5.70212629 3.75139735 -0.70730940 0.96504392
7 15 4.68525683 8.85592258 -0.56198521 -4.07203871
7 16 6.22078923 2.29019510 1.11207384 -1.09098351
7 17 7.36515219 3.56634217 -1.63484781 -0.32240582
7 18 2.39457679 1.73445791 0.00126076 -0.35719039
7 19 3.22946941 1.89263397 -2.13441688 -0.29643539
8 0 2.24207161 5.76928884 1.24207161 1.03350085
8 1 2.54046248 3.51064209 -1.04626964 0.10756158
8 2 8.56477069 1.00000000 1.87858994 -1.29798329
8 3 4.93109417 4.21881536 -0.80642169 3.21881536
8 4 5.67836226 1.00000000 -1.82063257 -2.25527451
8 5 4.29563661 2.53185509 -2.57651133 -1.44721757
8 6 1.97466832 8.28138682 1.58676409 -1.32474912
8 7 5.85100121 1.21266635 0.98488972 -2.07308075
8 8 8.01719976 4.63214103 -0.32394484 2.22284834
8 9 6.00755964 6.44192118 -2.99244036 1.38016196
8 10 2.10806394 2.56296088 1.22556628 -0.90141287
8 11 5.88452725 5.92991857 2.56255125 -0.94570120
8 12 1.00000000 6.87684812 -3.34509391 2.56278336
8 13 6.68007483 7.86827228 -0.24624107 -3.47671542
8 14 7.87603866 6.32124736 2.17391237 2.56985001
8 15 4.12327162 4.78388387 -0.56198521 -4.07203871
8 16 6.53882404 3.19929863 0.31803481 0.90910353
8 17 9.00000000 1.14806982 2.63392832 -3.89611558
8 18 1.00000000 1.22701083 -2.04930374 -0.74568372
8 19 3.14561703 1.98469191 -0.08385238 0.09205794
9 0 3.66142177 4.95703755 1.46965427 -1.33599714
9 1 1.50461455 3.64104478 -1.03584793 0.13040268
9 2 8.56477069 2.29798329 1.87858994 1.29798329
9 3 3.15212591 5.69222501 -1.77896826 1.47340965
9 4 5.67836226 3.25527451 -1.82063257 2.25527451
9 5 4.34885254 2.33582487 0.05321593 -0.19603023
9 6 3.38415385 8.80238984 1.35918142 1.04474887
9 7 5.95203582 2.86041440 0.98488972 2.07308075
9 8 7.69325492 6.85498937 -0.32394484 2.22284834
9 9 1.64108610 4.90786836 -4.36647353 -1.53405282
9 10 3.32320850 1.63870690 1.21514457 -0.92425398
9 11 9.00000000 6.63469612 3.53509781 0.79970450
9 12 4.34509391 6.87684812 3.34509391 2.56278336
9 13 7.80786694 7.30577164 1.12779210 -0.56250064
9 14 7.95004897 7.64991732 -2.17391237 2.56985001
9 15 3.60105488 1.28815484 -0.56198521 4.07203871
9 16 6.85685885 4.10840216 0.31803481 0.90910353
9 17 6.36607168 1.14806982 -2.63392832 -3.89611558
9 18 3.04930374 1.22701083 2.04930374 -0.74568372
9 19 1.00000000 1.06817272 -2.71357964 -1.15912941
10 0 5.13107604 3.62104041 1.46965427 -1.33599714
10 1 1.00000000 2.88707474 -1.25130738 -1.86964142
10 2 7.55663936 2.59869839 -1.87858994 1.29798329
10 3 1.37315765 7.16563466 -1.77896826 1.47340965
10 4 3.97854565 5.59410177 -1.69981662 2.33882725
10 5 4.28125252 2.05624190 -0.06760002 -0.27958297
10 6 3.64123770 8.15286130 1.35918142 -1.04474887
10 7 6.15401719 3.85365964 0.20198137 0.99324524
10 8 6.79227848 6.80830594 -0.90097644 -0.04668343
10 9 1.00000000 4.97983644 -4.15101408 0.46599128
10 10 1.42053894 4.64812375 -1.90266956 3.00941685
10 11 5.46490219 6.63469612 -3.53509781 0.79970450
10 12 4.49896077 8.09756573 -1.34197977 0.59164156
10 13 9.00000000 8.49944829 1.70482370 1.70703113
10 14 7.54954569 9.00000000 2.51316131 4.54099181
10 15 6.15688379 1.42652272 2.55582892 0.13836788
10 16 7.95780202 6.09734119 1.10094316 1.98893904
10 17 6.26597063 4.74804576 -2.63392832 3.89611558
10 18 3.67317968 1.51867290 2.04930374 0.74568372
10 19 3.71357964 1.06817272 2.71357964 -1.15912941
11 0 6.69364621 2.45613133 1.56257017 -1.16490908
11 1 2.25130738 2.88707474 1.25130738 -1.86964142
11 2 6.98501137 2.72731004 -0.57162800 0.12861165
11 3 2.40581061 7.47469812 1.77896826 1.47340965
11 4 1.00000000 6.38493982 -3.65454847 0.97032456
11 5 4.12073659 1.60557087 -0.16051592 -0.45067103
11 6 2.20537983 7.28830260 -1.43585787 -0.86455869
11 7 5.04903662 6.01627653 -1.10498057 2.16261688
11 8 6.80260528 9.00000000 0.06221436 3.06028474
11 9 5.15101408 4.97983644 4.15101408 0.46599128
11 10 2.48213062 5.31328233 1.90266956 3.00941685
11 11 3.88453623 8.80290333 -1.58036596 2.16820720
11 12 5.95202030 8.50901711 1.45305952 0.41145138
11 13 7.29517630 8.49944829 -1.70482370 1.70703113
11 14 7.54954569 4.45900819 2.51316131 -4.54099181
11 15 8.71271271 1.56489059 2.55582892 0.13836788
11 16 8.94125482 7.98015251 -1.10094316 1.98893904
11 17 2.70548317 5.65535607 -3.59711912 0.78914742
11 18 5.72248342 2.26435662 2.04930374 0.74568372
11 19 3.87317537 2.09095669 2.71357964 1.15912941
12 0 7.64489022 1.00000000 1.06408242 -1.62886046
12 1 3.48291612 1.02710270 1.23160873 -1.85997204
12 2 6.91187112 3.31987307 -0.07314025 0.59256303
12 3 2.67089204 7.58832044 0.26508143 0.11362232
12 4 4.65454847 6.38493982 3.65454847 0.97032456
12 5 3.96022067 1.15489984 -0.16051592 -0.45067103
12 6 1.00000000 8.85584532 -1.90395704 2.47601123
12 7 3.94405604 8.17889341 -1.10498057 2.16261688
12 8 6.80260528 5.93971526 0.06221436 -3.06028474
12 9 8.69797184 5.41192216 -4.15101408 0.46599128
12 10 4.85289935 4.98212926 2.37076873 -0.33115307
12 11 3.88082227 9.00000000 -0.06647913 3.52799454
12 12 4.23812745 8.94303028 -1.71389285 0.43401317
12 13 7.72965794 9.00000000 1.46212867 1.68446934
12 14 7.93729300 1.83820501 -2.51316131 -4.54099181
12 15 6.73145838 1.58044380 -2.55582892 0.13836788
12 16 8.37673569 8.03090845 -1.10094316 -1.98893904
12 17 2.89163595 6.02951039 3.59711912 0.78914742
12 18 7.77178716 3.01004034 2.04930374 0.74568372
12 19 6.60645366 3.24041672 2.73327829 1.14946003
13 0 7.64489022 2.62886046 1.06408242 1.62886046
13 1 3.48656704 1.00000000 0.28470347 -2.11350363
13 2 9.00000000 4.33767534 2.69107282 1.31169109
13 3 2.59066298 7.54176620 -0.08022906 -0.04655424
13 4 5.08428549 6.46933457 -1.52314620 -0.45210714
13 5 4.57811619 1.00000000 0.78638934 -0.19713944
13 6 2.90395704 8.85584532 1.90395704 2.47601123
13 7 3.67551296 9.00000000 -0.75967009 2.32279345
13 8 2.04350485 4.22199758 -4.75910043 -1.71771769
13 9 9.00000000 5.01694933 0.67030071 -0.87657577
13 10 7.22366809 4.65097619 2.37076873 -0.33115307
13 11 3.88082227 5.47200546 -0.06647913 -3.52799454
13 12 4.01315734 8.62295655 -1.71389285 -0.43401317
13 13 7.72965794 7.31553066 1.46212867 -1.68446934
13 14 7.62915029 1.00000000 -1.59740581 -4.34523840
13 15 3.25987395 1.52305826 -3.47158442 -0.05738554
13 16 9.00000000 7.13642387 4.07675150 -0.56650734
13 17 6.48875506 6.81865781 3.59711912 0.78914742
13 18 8.17890909 3.45695228 -2.04930374 0.74568372
13 19 6.57551888 3.67074870 -0.03093478 0.43033198
14 0 7.39225322 2.21591186 -0.25263699 -0.41294860
14 1 3.48656704 3.11350363 0.28470347 2.11350363
14 2 6.30892718 4.33767534 -2.69107282 1.31169109
14 3 1.28830236 6.56631065 -1.30236062 -0.97545555
14 4 3.56113929 6.01722743 -1.52314620 -0.45210714
14 5 4.57811619 1.19713944 0.78638934 0.19713944
14 6 3.01480642 6.66814344 1.90395704 -2.47601123
14 7 3.67551296 6.67720655 -0.75967009 -2.32279345
14 8 4.71559558 3.84536196 4.75910043 -1.71771769
14 9 8.32969929 5.01694933 -0.67030071 -0.87657577
14 10 8.40556318 4.40285508 -2.37076873 -0.33115307
14 11 3.81434314 1.94401093 -0.06647913 -3.52799454
14 12 3.63849616 9.00000000 -0.49176128 0.49488813
14 13 9.00000000 7.13030957 4.15572188 -0.60592131
14 14 7.62915029 5.34523840 -1.59740581 4.34523840
14 15 2.21171047 1.48570239 3.47158442 -0.05738554
14 16 4.92324850 7.13642387 -4.07675150 -0.56650734
14 17 7.39228097 6.52925719 0.90352590 -0.28940061
14 18 7.44632476 6.24444507 -0.73258433 2.78749278
14 19 6.54458410 4.10108067 -0.03093478 0.43033198
15 0 7.62581254 1.90797834 3.37895860 0.37145126
15 1 3.77127051 5.22700726 0.28470347 2.11350363
15 2 9.00000000 6.94086324 3.25535224 3.14903910
15 3 2.01405826 6.35037497 1.30236062 -0.97545555
15 4 4.45106992 2.69011414 0.88993063 -3.32711329
15 5 4.94237543 1.00000000 2.21251488 -1.19742730
15 6 2.50568664 7.06713836 -0.50911979 0.39899491
15 7 1.00000000 3.93575173 -3.11176639 -3.18846034
15 8 3.76529856 1.00000000 -1.18732463 -3.55506570
15 9 7.56746935 4.88451170 -0.76222994 -0.13243764
15 10 6.12672367 3.32756387 -2.27883951 -1.07529120
15 11 3.15388717 1.00000000 -1.49260467 -2.13342779
15 12 3.63849616 8.50511187 -0.49176128 -0.49488813
15 13 4.84427812 7.13030957 -4.15572188 -0.60592131
15 14 7.01948988 4.75311674 -0.60966040 -0.59212166
15 15 5.19709858 1.32330177 -0.16001117 -0.84178540
15 16 3.19859329 7.43558342 -1.72465520 0.29915956
15 17 7.34751192 9.00000000 -0.08421950 4.64795945
15 18 6.72213406 8.96806215 -0.73258433 -2.78749278
15 19 6.51364932 4.53141265 -0.03093478 0.43033198
16 0 6.99522886 2.05904372 -3.37895860 0.37145126
16 1 2.17431433 3.55302690 -1.67790810 -1.83692380
16 2 5.74464776 6.94086324 -3.25535224 3.14903910
16 3 2.30556977 4.44883283 0.29151151 -1.90154214
16 4 3.98478733 1.00000000 -1.12989851 -4.09549372
16 5 4.94237543 2.19742730 2.21251488 1.19742730
16 6 1.56869319 6.92299607 -0.93699345 -0.14414229
16 7 4.11176639 3.93575173 3.11176639 -3.18846034
16 8 3.76529856 4.55506570 -1.18732463 3.55506570
16 9 6.84528323 4.76167580 -0.72218612 -0.12283590
16 10 5.86771331 3.02065310 -0.25901037 -0.30691077
16 11 3.15388717 3.13342779 -1.49260467 2.13342779
16 12 3.57460853 8.55336094 -0.06388762 0.04824907
16 13 3.43045666 9.00000000 -2.19311031 3.34450612
16 14 6.36978566 4.15139334 -0.64970422 -0.60172340
16 15 5.13564361 1.51848363 -0.16001117 0.84178540
16 16 2.48478720 8.66082957 -0.71380609 1.22524615
16 17 7.34751192 4.35204055 -0.08421950 -4.64795945
16 18 5.87174011 6.88750848 -1.23537767 0.22961460
16 19 6.60052416 4.25480551 0.47185856 -2.58677541
17 0 6.09401146 1.00000000 -1.23783945 -1.45461693
17 1 1.00000000 3.04158220 -2.95836003 -1.28844341
17 2 5.54117300 8.03673044 0.37781287 0.70480189
17 3 1.52105292 2.46898190 -0.78451686 -1.97985092
17 4 3.98478733 5.09549372 -1.12989851 4.09549372
17 5 6.73905885 1.00000000 4.08580153 -2.72304527
17 6 1.36830025 6.83551122 0.93699345 -0.14414229
17 7 5.35024612 4.66776395 1.23847973 0.73201222
17 8 3.65400229 8.18844019 -0.11129627 3.63337449
17 9 6.12309711 4.63883990 -0.72218612 -0.12283590
17 10 3.46758378 4.53981051 -2.40012952 1.51915741
17 11 2.94173442 4.71837518 -0.21215274 1.58494739
17 12 2.91334680 9.00000000 -3.69705273 2.49248628
17 13 3.43045666 5.65549388 -2.19311031 -3.34450612
17 14 5.46590924 3.49750918 -0.90387642 -0.65388416
17 15 4.62198754 2.19602375 -0.95007093 0.47485352
17 16 2.28719269 8.11392428 -0.71380609 -1.22524615
17 17 7.47147042 1.00000000 0.16995270 -4.59579869
17 18 4.63636244 7.11712308 -1.23537767 0.22961460
17 19 7.42602761 1.83227538 1.26191831 -2.21984353
18 0 6.09401146 2.45461693 -1.23783945 1.45461693
18 1 3.95836003 3.04158220 2.95836003 -1.28844341
18 2 5.91898587 8.74153233 0.37781287 0.70480189
18 3 1.26346394 1.15402342 0.78451686 -1.97985092
18 4 2.91689260 9.00000000 -1.12100939 4.09870760
18 5 6.73905885 3.72304527 4.08580153 2.72304527
18 6 1.23058929 5.19618180 -0.13771096 -1.63932942
18 7 4.66275041 5.47185607 -0.68749571 0.80409212
18 8 3.62914287 6.17818533 -0.11129627 -3.63337449
18 9 7.32688643 4.44392410 1.20378932 -0.19491580
18 10 1.22935464 1.19380295 -2.23822915 -3.34600756
18 11 2.72069257 6.30010869 -0.22104186 1.58173351
18 12 2.91334680 6.50751372 -3.69705273 -2.49248628
18 13 1.07544597 7.17615273 -2.35501069 1.52065885
18 14 5.06361926 3.61716530 -0.40228999 0.11965613
18 15 3.17033018 1.89733697 -1.45165736 -0.29868677
18 16 2.64809101 8.38386526 0.36089832 0.26994098
18 17 7.47147042 5.59579869 0.16995270 4.59579869
18 18 3.40098477 7.34673769 -1.23537767 0.22961460
18 19 7.89915264 2.38756816 1.26191831 2.21984353
19 0 5.88642473 2.74684284 -0.20758672 0.29222591
19 1 6.91672005 1.75313880 2.95836003 -1.28844341
19 2 6.05753886 8.55366578 0.37781287 -0.70480189
19 3 1.27214851 1.00000000 -0.48019987 -2.53038235
19 4 2.91689260 4.90129240 -1.12100939 -4.09870760
19 5 8.24473115 3.28196447 1.50567229 -0.44108080
19 6 1.09287833 3.55685238 -0.13771096 -1.63932942
19 7 6.43512993 4.59496023 1.77237952 -0.87689584
19 8 1.05797136 4.22579881 -2.57117150 -1.95238652
19 9 9.00000000 5.75680277 3.78391856 2.96921027
19 10 1.09971494 4.15220462 -2.23822915 3.34600756
19 11 1.00000000 5.25829333 -3.86263401 -2.33868126
19 12 2.85788622 7.93544221 -0.05546058 1.42792849
19 13 3.27956472 7.22486910 2.35501069 1.52065885
19 14 3.63107655 4.89921245 -1.43254271 1.28204714
19 15 2.94206132 2.13119144 -0.18694064 0.25184465
19 16 2.54308838 9.00000000 -0.17083257 1.00241188
19 17 7.59735784 7.80840263 0.16995270 -4.59579869
19 18 2.69733798 6.84388139 -0.70364678 -0.50285629
19 19 8.83892905 4.32407140 -1.26191831 2.21984353
20 0 5.52023937 2.50488592 -0.36618536 -0.24195692
20 1 8.46496155 1.00000000 2.85802548 -1.42618314
20 2 7.80424602 8.13281589 2.71603301 -0.21978102
20 3 1.27214851 3.53038235 -0.48019987 2.53038235
20 4 3.46408953 1.49026273 0.54719692 -3.41102967
20 5 9.00000000 3.12308331 1.60600684 -0.30334106
20 6 1.00000000 2.23296983 -0.12802760 -1.82489837
20 7 8.36610808 4.25224723 1.93097816 -0.34271301
20 8 1.00000000 4.18611241 -2.58085486 -1.76681756
20 9 5.21608144 5.75680277 -3.78391856 2.96921027
20 10 1.00000000 4.22006064 -3.90643546 2.65832963
20 11 4.86263401 5.25829333 3.86263401 -2.33868126
20 12 2.81653892 8.63662930 -0.05546058 -1.42792849
20 13 4.26568112 8.46157595 0.01679055 1.03563798
20 14 2.97077464 4.59219783 -0.59159209 -0.44840076
20 15 2.75512068 2.38303609 -0.18694064 0.25184465
20 16 2.54308838 7.99758812 -0.17083257 -1.00241188
20 17 5.52039223 7.75833026 -2.81862541 1.45037493
20 18 1.22145040 7.93008687 -1.54459740 1.22759161
20 19 9.00000000 3.82404018 1.72665980 -3.82633008
21 0 5.15405401 2.26292899 -0.36618536 -0.24195692
21 1 8.46496155 2.42618314 2.85802548 1.42618314
21 2 7.47972097 8.03605564 -2.71603301 -0.21978102
21 3 1.00000000 3.77119111 -1.89631423 1.64980228
21 4 3.54273741 3.92076695 0.54719692 3.41102967
21 5 7.39399316 3.12308331 -1.60600684 -0.30334106
21 6 1.12802760 2.23296983 0.12802760 -1.82489837
21 7 7.70291376 4.13974310 -1.93097816 -0.34271301
21 8 3.58085486 4.18611241 2.58085486 -1.76681756
21 9 1.48575239 8.80159678 -3.73032904 3.04479401
21 10 4.90643546 4.22006064 3.90643546 2.65832963
21 11 8.67167851 2.84402832 3.80904449 -2.41426500
21 12 2.53897672 7.23553022 -0.27756220 -1.40109908
21 13 4.39318330 9.00000000 0.23889217 1.00880857
21 14 3.79259000 5.02269389 0.82452228 0.43217931
21 15 2.56818004 2.63488074 -0.18694064 0.25184465
21 16 1.66724120 6.67103512 -1.42566761 -1.57934125
21 17 3.81780011 9.00000000 -1.56379037 2.02730431
21 18 2.32314700 8.10608784 1.54459740 1.22759161
21 19 7.27334020 3.82404018 -1.72665980 -3.82633008
22 0 2.84851754 1.17051194 -2.82555461 -1.32045967
22 1 9.00000000 1.97481562 1.51864673 -1.28115617
22 2 4.76368796 7.81627462 -2.71603301 -0.21978102
22 3 2.89631423 3.77119111 1.89631423 1.64980228
22 4 3.40228210 2.54487152 -0.14045530 -1.37589542
22 5 5.74956563 2.69329950 -1.64442753 -0.42978381
22 6 1.21452786 1.59192855 0.12802760 1.82489837
22 7 5.81035629 3.92347286 -1.89255747 -0.21627025
22 8 6.84936195 7.20621995 3.26850709 3.02010753
22 9 1.24267871 6.15360921 -3.73032904 -3.04479401
22 10 8.81287093 6.87839027 3.90643546 2.65832963
22 11 9.00000000 2.86271805 5.14842325 0.29307431
22 12 2.26141452 5.83443115 -0.27756220 -1.40109908
22 13 4.39318330 7.99119143 0.23889217 -1.00880857
22 14 4.61711228 5.45487320 0.82452228 0.43217931
22 15 2.38123940 2.88672539 -0.18694064 0.25184465
22 16 1.75842641 5.93187155 1.42566761 -1.57934125
22 17 3.81780011 6.97269569 -1.56379037 -2.02730431
22 18 3.44789760 8.66632055 1.54459740 -1.22759161
22 19 7.44554603 1.00000000 0.73270945 -2.74782734
23 0 2.77276509 1.00000000 -0.81679498 -1.83853189
23 1 7.48135327 1.97481562 -1.51864673 -1.28115617
23 2 4.76862669 6.31191139 0.00493873 -1.50436323
23 3 5.03447781 3.24167554 2.25732183 -1.60325717
23 4 2.33750011 1.00000000 -1.40540329 -1.62819127
23 5 5.04550354 2.45107303 -0.37947954 -0.17748797
23 6 1.00000000 1.85918217 -1.88073203 2.34297060
23 7 4.62984871 2.79336318 -1.18050758 -1.13010968
23 8 8.79067787 7.77367252 3.26850709 -3.02010753
23 9 4.48765033 5.95552837 3.73032904 -3.04479401
23 10 5.28069361 7.00573162 -3.90643546 2.65832963
23 11 3.85157675 2.86271805 -5.14842325 0.29307431
23 12 3.65875495 4.10886477 1.39734043 -1.72556637
23 13 1.91110373 8.26696507 -2.48207957 0.27577364
23 14 4.72958468 6.80089194 0.11247240 1.34601874
23 15 2.19429876 3.13857004 -0.18694064 0.25184465
23 16 1.50919139 4.67699759 -0.24923502 -1.25487396
23 17 2.01216039 7.12470924 -1.92479797 1.22575515
23 18 4.99249500 7.43872894 1.54459740 -1.22759161
23 19 7.44554603 3.74782734 0.73270945 2.74782734
24 0 2.77276509 2.83853189 -0.81679498 1.83853189
24 1 6.32583407 1.30634055 -1.51864673 1.28115617
24 2 5.45263914 5.66886742 0.68401246 -0.64304397
24 3 7.27140702 3.10067596 2.23692921 -0.14099958
24 4 2.33750011 2.62819127 -1.40540329 1.62819127
24 5 4.72773391 1.00000000 -0.35908692 -1.63974556
24 6 2.88073203 1.85918217 1.88073203 2.34297060
24 7 4.63851267 1.00000000 0.01327242 -2.74727536
24 8 5.94081504 7.58025842 -3.26850709 -3.02010753
24 9 7.53890565 2.04941511 3.05125532 -3.90611327
24 10 4.86006718 9.00000000 -0.80391173 3.81149546
24 11 3.53756046 2.35111096 -0.31401629 -0.51160709
24 12 3.86231537 4.00046408 0.20356042 -0.10840069
24 13 1.00000000 8.68298860 -2.56114473 1.16945683
24 14 1.73953334 6.99374485 -2.99005133 0.19285291
24 15 1.00000000 3.38985870 -5.02134759 1.05652605
24 16 1.25995638 3.42212364 -0.24923502 -1.25487396
24 17 1.00000000 7.30681040 -1.84573281 0.33207195
24 18 5.99366050 6.43186804 -0.53837151 -0.38153306
24 19 8.72168739 6.27492397 2.81567837 1.90176879
25 0 1.93341785 4.88163143 -0.83934724 2.04309954
25 1 5.17576918 2.61246340 -0.44040026 1.35419349
25 2 5.32468042 1.84665294 -0.12795873 -3.82221449
25 3 8.49166376 2.99171817 -2.23692921 -0.14099958
25 4 3.05826569 2.68982500 0.72076557 0.06163373
25 5 4.72773391 2.63974556 -0.35908692 1.63974556
25 6 4.78401631 3.99758512 1.90328428 2.13840295
25 7 4.63851267 3.74727536 0.01327242 2.74727536
25 8 3.48427913 7.73932140 -2.45653591 0.15906298
25 9 8.35865490 3.85669816 3.05125532 3.90611327
25 10 4.86006718 5.18850454 -0.80391173 -3.81149546
25 11 2.85496233 1.81453720 -1.39226276 -0.58464441
25 12 4.06587579 3.89206339 0.20356042 -0.10840069
25 13 3.56114473 8.68298860 2.56114473 1.16945683
25 14 3.25051799 7.04144341 2.99005133 0.19285291
25 15 6.02134759 3.38985870 5.02134759 1.05652605
25 16 1.00000000 3.45623326 -2.37540388 0.31168359
25 17 2.84573281 7.30681040 1.84573281 0.33207195
25 18 5.45528899 6.05033498 -0.53837151 -0.38153306
25 19 6.46263425 6.46290221 -2.81567837 1.90176879
26 0 1.09407061 6.92473097 -0.83934724 2.04309954
26 1 4.79905801 3.96277867 -0.37671117 1.35031528
26 2 5.29633648 3.97556155 -0.12795873 3.82221449
26 3 9.00000000 2.70408651 4.31137388 -1.78001244
26 4 3.48192152 2.39695976 0.42365583 -0.29286524
26 5 4.30495789 4.28336933 -0.42277602 1.64362377
26 6 5.93011314 1.00000000 1.51387812 -3.95950710
26 7 4.90265402 5.61892351 0.79174766 0.03010312
26 8 2.17735594 9.00000000 -1.89690974 1.82978887
26 9 6.59008978 4.67772634 -3.05125532 3.90611327
26 10 4.44556161 7.47491912 -0.41450557 2.28641458
26 11 1.46269957 1.22989279 -1.39226276 -0.58464441
26 12 4.56654594 4.13816167 0.50067016 0.24609827
26 13 4.25540899 8.14755457 2.56114473 -1.16945683
26 14 5.68094316 5.56357043 2.43042517 -1.47787298
26 15 4.97269978 5.96567921 -1.52695550 2.69553891
26 16 3.37540388 3.45623326 2.37540388 0.31168359
26 17 4.44059669 8.51450957 1.06725758 3.04924420
26 18 3.76755036 5.19806838 -1.68773863 -0.85226660
26 19 4.79632300 8.83540454 -1.66631125 2.37250234
27 0 1.74527663 7.15371323 0.83934724 2.04309954
27 1 4.34464029 4.07083256 -0.45441773 0.10805388
27 2 5.51642713 7.68971206 0.22009065 3.71415051
27 3 4.68862612 2.70408651 -4.31137388 -1.78001244
27 4 3.90557735 2.10409452 0.42365583 -0.29286524
27 5 3.53413249 6.03505708 -0.77082540 1.75168774
27 6 5.93011314 4.95950710 1.51387812 3.95950710
27 7 5.77210824 6.89128801 0.86945422 1.27236451
27 8 2.17735594 7.17021113 -1.89690974 -1.82978887
27 9 9.00000000 3.24670049 2.45182192 -1.45591338
27 10 5.15593379 5.78225281 0.71037218 -1.69266631
27 11 1.92956319 1.03559418 1.39226276 -0.58464441
27 12 6.50745175 5.20879434 1.94090580 1.07063267
27 13 4.69117519 9.00000000 1.43626698 2.80962407
27 14 2.96247388 9.00000000 -3.07265207 3.88415367
27 15 3.44574428 8.66121812 -1.52695550 2.69553891
27 16 4.31057212 2.94338246 0.93516824 -0.51285081
27 17 4.16862971 9.00000000 -0.77645677 1.38605918
27 18 2.07981173 4.34580177 -1.68773863 -0.85226660
27 19 4.80355838 9.00000000 0.17740310 4.03568735
28 0 1.00000000 7.85974565 -2.04058792 1.93313620
28 1 3.40695007 3.15942515 -0.93769022 -0.91140740
28 2 5.59407130 6.59613743 0.22009065 -3.71415051
28 3 4.07866613 3.76019197 -0.60996000 1.05610547
28 4 2.74898604 1.00000000 -3.27775805 -3.12898315
28 5 2.76330710 7.78674482 -0.77082540 1.75168774
28 6 7.65803581 6.30208776 1.72792267 1.34258066
28 7 6.12746099 9.00000000 0.65540967 3.88929095
28 8 3.16038135 5.45038560 0.98302541 -1.71982553
28 9 6.54817808 3.24670049 -2.45182192 -1.45591338
28 10 6.34957846 5.10904778 1.19364467 -0.67320503
28 11 2.01432661 1.54905022 1.39226276 0.58464441
28 12 8.44835755 6.27942701 1.94090580 1.07063267
28 13 4.69117519 6.19037593 1.43626698 -2.80962407
28 14 2.96247388 5.11584633 -3.07265207 -3.88415367
28 15 3.25383281 6.64324296 -1.52695550 -2.69553891
28 16 5.24574035 2.43053165 0.93516824 -0.51285081
28 17 4.16862971 7.61394082 -0.77645677 -1.38605918
28 18 1.60792690 3.80052334 1.68773863 -0.85226660
28 19 4.80355838 4.96431265 0.17740310 -4.03568735
29 0 3.04058792 7.85974565 2.04058792 1.93313620
29 1 4.78014938 1.42451135 1.37319931 -1.73491380
29 2 4.78591100 4.90592715 -0.80816029 -1.69021028
29 3 4.99620405 2.00478699 0.91753792 -1.75540498
29 4 2.74898604 4.12898315 -3.27775805 3.12898315
29 5 2.22941748 8.46156743 -0.77082540 -1.75168774
29 6 8.61404152 7.34478208 -1.72792267 1.34258066
29 7 6.12746099 5.11070905 0.65540967 -3.88929095
29 8 2.61590885 6.54207052 -0.54447250 1.09168492
29 9 6.95267544 3.58069134 0.40449736 0.33399085
29 10 8.57147408 2.41190253 2.22189562 -2.69714526
29 11 3.65375364 1.00000000 2.31827188 -1.62752089
29 12 7.61073665 6.58372123 -1.94090580 1.07063267
29 13 6.12744217 3.38075186 1.43626698 -2.80962407
29 14 1.00000000 3.29368054 -3.99866118 -1.67198837
29 15 1.72687731 3.94770405 -1.52695550 -2.69553891
29 16 4.05227109 1.00000000 -1.92115104 -2.30275504
29 17 3.39217294 6.22788163 -0.77645677 -1.38605918
29 18 1.00000000 3.77246577 -0.62315090 -0.02876020
29 19 4.97782395 1.07137470 0.17740310 4.03568735
30 0 4.24422233 8.20711816 2.04058792 -1.93313620
30 1 5.07277260 1.00000000 1.31102106 -1.90191099
30 2 3.97775071 3.21571687 -0.80816029 -1.69021028
30 3 5.61594796 1.00000000 0.97971617 -1.58840779
30 4 1.00000000 6.33219584 -2.58187047 3.25240434
30 5 1.47545458 9.00000000 -1.31221373 0.93709996
30 6 6.88611884 8.68736274 -1.72792267 1.34258066
30 7 4.96180093 4.59783611 -1.16566006 -0.51287294
30 8 2.61282468 4.94496774 -0.00308417 -1.59710278
30 9 8.84047798 1.00000000 2.22556709 -3.04242716
30 10 7.20663031 1.89171758 -2.22189562 -2.69714526
30 11 3.65375364 2.62752089 2.31827188 1.62752089
30 12 5.66983085 7.65435390 -1.94090580 1.07063267
30 13 9.00000000 3.40623369 4.28631258 0.54984391
30 14 4.99866118 3.29368054 3.99866118 -1.67198837
30 15 1.00000000 3.02589443 -2.22284308 -2.81896010
30 16 4.05227109 3.30275504 -1.92115104 2.30275504
30 17 2.61571617 4.84182245 -0.77645677 -1.38605918
30 18 1.62315090 3.77246577 0.62315090 -0.02876020
30 19 2.63171087 2.13248796 -2.67264251 0.67621937
31 0 1.81120668 8.00857326 -2.43301565 -0.19854489
31 1 5.07277260 2.90191099 1.31102106 1.90191099
31 2 5.29947163 5.39216976 1.32172092 2.17645290
31 3 5.61594796 2.58840779 0.97971617 1.58840779
31 4 3.58187047 6.33219584 2.58187047 3.25240434
31 5 1.47545458 8.06290004 -1.31221373 -0.93709996
31 6 6.48374971 7.97005660 -1.72792267 -1.34258066
31 7 4.87085292 5.61524747 -0.09094801 1.01741136
31 8 2.60322162 3.58040596 -0.00960305 -1.36456177
31 9 8.84047798 4.04242716 2.22556709 3.04242716
31 10 6.83873894 1.00000000 -0.28384696 -5.11073253
31 11 3.79068542 1.00000000 0.18839066 -2.23914228
31 12 8.20252861 6.99039527 2.53269776 -0.66395863
31 13 4.71368742 3.40623369 -4.28631258 0.54984391
31 14 7.35704374 3.66444564 2.06061252 0.74159891
31 15 3.22284308 3.02589443 2.22284308 -2.81896010
31 16 1.05640800 4.07522578 -2.99586309 0.77247074
31 17 1.84577829 3.22322225 -0.76993788 -1.61860020
31 18 1.02729802 5.72587736 -0.59585288 1.95341159
31 19 1.37115319 1.00000000 -1.45363873 -1.30595242
32 0 1.00000000 7.74744997 -1.22435517 -0.39411368
32 1 6.27100507 4.86891991 1.19823246 1.96700892
32 2 7.13775918 7.28591086 1.83828755 1.89374110
32 3 6.70845273 4.11171766 1.09250477 1.52330987
32 4 5.14046881 9.00000000 2.06530383 3.53511613
32 5 1.00000000 7.92304205 -2.52087421 -0.74153117
32 6 5.89189614 8.29511600 -0.11092299 1.03101919
32 7 3.64383581 4.96501877 -1.70794769 -1.35618848
32 8 2.59361857 2.21584419 -0.00960305 -1.36456177
32 9 6.93395494 4.26049929 -2.22556709 3.04242716
32 10 6.83873894 6.11073253 -0.28384696 5.11073253
32 11 3.79068542 3.23914228 0.18839066 2.23914228
32 12 7.26477363 6.78133439 -2.53269776 -0.66395863
32 13 5.73185296 5.30933847 1.01816554 1.90310478
32 14 8.58234374 4.25573321 -2.06061252 0.74159891
32 15 1.72650162 1.00000000 -3.08163504 -4.17222098
32 16 3.93945509 4.08977034 2.99586309 0.77247074
32 17 1.07584041 1.60462206 -0.76993788 -1.61860020
32 18 1.56855486 5.81536971 0.59585288 1.95341159
32 19 1.37115319 2.30595242 -1.45363873 1.30595242
33 0 2.22435517 7.74744997 1.22435517 -0.39411368
33 1 5.08456384 9.00000000 -1.19597934 4.16429095
33 2 8.10136573 9.00000000 2.47802799 4.40798258
33 3 4.60663008 5.38953148 -2.10182265 1.27781382
33 4 5.14046881 5.46488387 2.06530383 -3.53511613
33 5 3.52087421 7.92304205 2.52087421 -0.74153117
33 6 5.81606066 8.67386481 -0.11092299 -1.03101919
33 7 1.64580156 7.01812478 -1.99803425 2.05310600
33 8 2.58506211 1.14871758 -0.00960305 1.36456177
33 9 7.10259966 5.10564442 0.16864472 0.84514513
33 10 5.91515155 8.70722358 -0.92358739 2.59649105
33 11 4.26916263 2.06899008 0.47847722 -1.17015220
33 12 7.72789706 9.00000000 0.56674254 2.36502782
33 13 3.74008528 4.27092929 -2.08127477 -1.12588167
33 14 9.00000000 4.61937524 1.13371490 0.98709495
33 15 1.72650162 5.17222098 -3.08163504 4.17222098
33 16 6.93531817 4.86224108 2.99586309 0.77247074
33 17 1.69409748 1.44518673 0.76993788 -1.61860020
33 18 2.16440773 7.76878130 0.59585288 1.95341159
33 19 2.08248554 2.63939731 1.45363873 1.30595242
34 0 2.42867880 8.98021673 -0.46670434 2.30301040
34 1 5.08456384 4.83570905 -1.19597934 -4.16429095
34 2 8.10136573 4.59201742 2.47802799 -4.40798258
34 3 3.52483898 5.04046487 -0.41076314 -1.41931026
34 4 4.59467301 2.40782453 -0.54579580 -3.05705933
34 5 4.02702076 6.42351251 0.12000205 -1.64480819
34 6 7.71986533 8.40084400 2.28994917 -0.12774217
34 7 1.00000000 8.31908617 -2.09256907 4.21546141
34 8 1.88471174 2.13582222 -0.70035036 0.98710464
34 9 9.00000000 5.35621190 2.77974435 0.36708834
34 10 5.81100923 6.69628537 -0.92358739 -2.59649105
34 11 5.43838716 1.27629501 1.16922452 -0.79269507
34 12 7.72789706 6.63497218 0.56674254 -2.36502782
34 13 4.34226622 5.94329713 0.82703996 1.90684596
34 14 7.86628510 4.61937524 -1.13371490 0.98709495
34 15 1.00000000 5.66104642 -2.98710021 2.00986557
34 16 8.06881874 5.39461063 -2.99586309 0.77247074
34 17 1.90586449 2.17341346 0.76993788 1.61860020
34 18 2.53996873 8.27780711 0.59585288 -1.95341159
34 19 1.00000000 1.32199021 -1.45467600 -1.72677521
35 0 2.42466972 6.71677288 -0.46670434 -2.30301040
35 1 4.37697940 1.00000000 -0.77831353 -4.21912081
35 2 7.42060628 2.99350269 -2.47802799 -4.40798258
35 3 2.69641002 3.67598447 -0.82842895 -1.36448039
35 4 4.00329306 1.00000000 -1.01809321 -2.42364757
35 5 2.98508497 4.60104336 -1.04193578 -1.82246915
35 6 7.99018551 8.32943316 -2.28994917 -0.12774217
35 7 3.09256907 8.31908617 2.09256907 4.21546141
35 8 1.18436138 3.12292687 -0.70035036 0.98710464
35 9 6.22025565 5.35621190 -2.77974435 0.36708834
35 10 6.04935967 4.27745527 0.23835044 -2.41883009
35 11 5.75641684 1.00000000 1.64152193 -1.42610684
35 12 7.24261245 8.09749222 -0.48528461 1.46252004
35 13 5.66967138 7.69086919 1.73285094 1.61851247
35 14 6.73257020 5.60647019 -1.13371490 0.98709495
35 15 3.98710021 5.66104642 2.98710021 2.00986557
35 16 6.12498281 2.33953351 -1.94383593 -3.05507712
35 17 2.67580238 3.79201366 0.76993788 1.61860020
35 18 2.63545641 6.48366941 -0.30995810 -1.66507810
35 19 2.45467600 1.32199021 1.45467600 -1.72677521
36 0 1.71112012 4.68674219 -0.71354960 -2.03003069
36 1 4.37697940 5.21912081 -0.77831353 4.21912081
36 2 6.58631136 1.00000000 -2.02305834 -4.83398870
36 3 1.71879670 1.83344278 -0.97761332 -1.84254169
36 4 4.00329306 3.42364757 -1.01809321 2.42364757
36 5 2.09233356 3.25663551 -0.89275142 -1.34440785
36 6 7.79650569 8.85207650 -0.19367982 0.52264334
36 7 3.43057696 5.46545242 2.09256907 -4.21546141
36 8 1.51598899 3.38277391 0.70035036 0.98710464
36 9 8.44381250 4.75047104 2.46924005 -0.65351088
36 10 5.83274047 2.28463131 -0.21661920 -1.99282397
36 11 5.75641684 2.42610684 1.64152193 1.42610684
36 12 4.66105849 8.90962675 -2.58155396 0.81213453
36 13 7.07128464 8.69061834 1.73285094 -1.61851247
36 14 5.59885531 6.59356515 -1.13371490 0.98709495
36 15 1.97089924 8.64374120 -2.26188418 3.03046479
36 16 5.27268571 2.71554361 -1.94383593 3.05507712
36 17 3.44574026 5.41061385 0.76993788 1.61860020
36 18 2.57234357 4.54561160 -0.06311284 -1.93805781
36 19 2.72592811 2.40478500 1.45467600 1.72677521
37 0 1.00000000 3.61912460 -0.89607507 -1.34529381
37 1 8.34347380 8.20325306 3.96649441 2.98413225
37 2 6.58631136 5.83398870 -2.02305834 4.83398870
37 3 1.27658974 2.00909891 -0.97761332 1.84254169
37 4 2.01052124 6.39099908 -1.99277182 2.96735151
37 5 1.38210761 1.22749078 -0.71022594 -2.02914473
37 6 8.00813079 9.00000000 1.18769064 0.83018204
37 7 1.00000000 2.73407376 -2.65223887 -2.98047285
37 8 1.00000000 2.91610328 -1.10069421 -0.99548960
37 9 7.08694746 4.60327004 -2.46924005 -0.65351088
37 10 5.69310154 1.70819266 -0.21661920 1.99282397
37 11 7.39793878 3.85221368 1.64152193 1.42610684
37 12 4.37378661 8.27823872 -2.58155396 -0.81213453
37 13 7.42276511 6.76456716 0.35148047 -1.92605117
37 14 5.74892917 8.35827225 0.53881300 2.00017285
37 15 1.70499410 6.32579401 -2.26188418 -3.03046479
37 16 4.30352839 5.22691680 -0.96915732 2.51137318
37 17 2.93188938 6.25160189 -0.90259001 0.60552230
37 18 4.31027531 4.59014804 1.73793174 0.04453643
37 19 4.18060411 4.13156021 1.45467600 1.72677521
38 0 1.89607507 3.61912460 0.89607507 -1.34529381
38 1 5.69003179 8.69718064 -3.96649441 2.98413225
38 2 2.26350210 8.10943947 -4.32280926 2.27545077
38 3 1.70102357 2.53039719 0.97761332 1.84254169
38 4 1.98225058 7.89572315 1.99277182 2.96735151
38 5 1.30248300 2.80165395 -0.71022594 2.02914473
38 6 8.00813079 8.16981796 1.18769064 -0.83018204
38 7 3.65223887 2.73407376 2.65223887 -2.98047285
38 8 2.10069421 2.91610328 1.10069421 -0.99548960
38 9 4.48428503 4.27197949 -2.60266242 -0.33129056
38 10 5.47648233 3.70101663 -0.21661920 1.99282397
38 11 9.00000000 4.84857945 1.77494431 1.10388651
38 12 1.79223265 7.46610418 -2.58155396 -0.81213453
38 13 9.00000000 7.14083768 2.65123139 0.63248677
38 14 5.92179986 7.64155490 0.53881300 -2.00017285
38 15 2.55689008 5.38124529 2.26188418 -3.03046479
38 16 4.29088834 7.02372223 -0.01264005 1.79680544
38 17 1.07278210 7.57169194 -1.85910728 1.32009005
38 18 6.46769295 6.11821464 2.15741764 1.52806660
38 19 5.21579420 4.37480525 1.03519009 0.24324504
39 0 3.34804318 5.37668303 1.45196810 1.75755843
39 1 5.28752573 6.31868711 -3.96649441 -2.98413225
39 2 2.26578119 9.00000000 0.01425737 5.57108428
39 3 2.12274386 1.27008664 0.42172029 -1.26031055
39 4 1.00000000 7.75817424 -2.34429481 -0.32828201
39 5 1.40774294 3.66586033 0.71022594 2.02914473
39 6 9.00000000 8.23278966 2.77608673 0.98741123
39 7 5.07648002 1.00000000 2.57110729 -3.13043173
39 8 2.81366436 1.06138250 0.53421351 -2.25086146
39 9 1.96275418 4.09064782 -2.52153085 -0.18133167
39 10 6.01162582 3.75079415 0.53514348 0.04977752
39 11 7.22505569 4.84857945 -1.77494431 1.10388651
39 12 1.00000000 7.14968322 -2.18067071 -0.87096882
39 13 6.34876861 7.14083768 -2.65123139 0.63248677
39 14 7.23624546 5.93521231 1.31444560 -1.70634259
39 15 5.20649832 3.21001167 2.82836488 -1.77509293
39 16 3.50261569 8.52669742 -0.78827265 1.50297518
39 17 1.00000000 7.61609965 -2.25999052 1.37892434
39 18 7.40422294 6.24922593 0.56902155 -0.28952667
39 19 5.49922161 6.56109674 0.28342740 2.18629149
40 0 1.00000000 4.86076396 -4.82083818 -1.12492606
40 1 7.45240345 6.15204742 2.30631188 -0.10164777
40 2 2.26578119 3.42891572 0.01425737 -5.57108428
40 3 2.21311922 1.99022390 0.42172029 1.26031055
40 4 3.34429481 7.75817424 2.34429481 -0.32828201
40 5 1.00000000 3.60674326 -2.39459375 -0.34718288
40 6 6.22391327 8.23278966 -2.77608673 0.98741123
40 7 5.07648002 4.13043173 2.57110729 3.13043173
40 8 2.82823272 3.18947896 0.53421351 2.25086146
40 9 2.54604303 6.28564376 0.58328884 2.19499594
40 10 5.80084790 3.12573947 -0.21077792 -0.62505468
40 11 6.19603278 6.62729816 -1.02902291 1.77871871
40 12 3.18067071 7.14968322 2.18067071 -0.87096882
40 13 6.40430088 9.00000000 0.07445048 2.49252434
40 14 8.55069105 4.22886972 1.31444560 -1.70634259
40 15 8.03486320 1.43491874 2.82836488 -1.77509293
40 16 3.25438040 7.97032740 -0.78827265 -1.50297518
40 17 3.25999052 7.61609965 2.25999052 1.37892434
40 18 7.97324449 5.95969926 0.56902155 -0.28952667
40 19 3.05696714 6.88735066 -2.44225447 0.32625391
40 0 1.00000000 4.86076396 -4.82083818 -1.12492606 23 13
40 1 7.45240345 6.15204742 2.30631188 -0.10164777 24 12
40 2 2.26578119 3.42891572 0.01425737 -5.57108428 23 14
40 3 2.21311922 1.99022390 0.42172029 1.26031055 25 14
40 4 3.34429481 7.75817424 2.34429481 -0.32828201 23 14
40 5 1.00000000 3.60674326 -2.39459375 -0.34718288 25 13
40 6 6.22391327 8.23278966 -2.77608673 0.98741123 20 18
40 7 5.07648002 4.13043173 2.57110729 3.13043173 26 12
40 8 2.82823272 3.18947896 0.53421351 2.25086146 22 15
40 9 2.54604303 6.28564376 0.58328884 2.19499594 21 17
40 10 5.80084790 3.12573947 -0.21077792 -0.62505468 23 13
40 11 6.19603278 6.62729816 -1.02902291 1.77871871 23 14
40 12 3.18067071 7.14968322 2.18067071 -0.87096882 21 13
40 13 6.40430088 9.00000000 0.07445048 2.49252434 22 16
40 14 8.55069105 4.22886972 1.31444560 -1.70634259 23 12
40 15 8.03486320 1.43491874 2.82836488 -1.77509293 17 14
40 16 3.25438040 7.97032740 -0.78827265 -1.50297518 20 15
40 17 3.25999052 7.61609965 2.25999052 1.37892434 20 13
40 18 7.97324449 5.95969926 0.56902155 -0.28952667 18 11
40 19 3.05696714 6.88735066 -2.44225447 0.32625391 21 16
Time consumed: 0.00475200
