0 0 2.94062639 1.10775660 -1.76831586 -2.49140866
0 1 4.87446437 7.12270213 1.28866935 2.35984942
0 2 5.73063784 4.83022948 1.48291900 -1.39381646
0 3 6.58926904 3.84483289 2.38526313 -1.58121449
0 4 4.01995198 5.33296092 2.49933160 -2.30312165
0 5 7.81976177 4.73608787 2.47093449 2.32121618
0 6 2.15371008 7.40529751 2.48223831 1.87470026
0 7 4.75889617 8.76793040 1.36973985 -1.73779383
0 8 6.44536285 1.21335455 1.83592387 1.76926253
0 9 7.37035350 3.53122082 -2.28561664 -1.71131098
0 10 5.82276397 1.19411489 -1.69474074 1.59359640
0 11 7.87853919 8.60815245 2.10104682 -2.45141202
0 12 6.64339799 1.59000981 -2.44648198 1.77347100
0 13 4.05293600 7.69541980 -2.15776400 1.39586362
0 14 2.79130581 3.47670366 -1.72129228 -1.64342054
0 15 7.20183654 3.26667286 2.04108414 -1.88685028
0 16 7.67302883 2.59554280 -2.16250654 1.61649687
0 17 7.16277254 2.71800284 -1.32582834 -1.77114565
0 18 1.92755901 6.48436244 2.36636045 -2.49725025
0 19 1.22378679 2.18451739 2.05167409 -1.97266619
1 0 2.93930782 1.00000000 0.69884751 -4.07727931
1 1 6.44995529 5.39936118 1.57549092 -1.72334095
1 2 8.39514687 3.08917074 2.66450903 -1.74105874
1 3 4.99708751 3.86059634 -1.59218153 0.01576345
1 4 5.33769355 3.37708155 1.31774157 -1.95587937
1 5 9.00000000 5.45705719 2.67636162 -2.42651904
1 6 1.00000000 8.04160694 -2.12343651 1.17114577
1 7 4.86604752 9.00000000 1.08291828 2.34539654
1 8 7.35558235 1.22196278 0.91021950 0.00860823
1 9 8.66479616 1.00000000 1.69182802 -3.30828892
1 10 2.63966540 1.14925349 -3.20258829 -0.06631665
1 11 9.00000000 8.00480256 1.89561969 2.29632320
1 12 5.12262038 5.12413511 -1.52077761 3.53412530
1 13 5.57406987 9.00000000 2.44791082 2.09941811
1 14 1.07001353 1.83328312 -1.72129228 -1.64342054
1 15 6.20745984 5.70329955 -0.99437670 2.43662669
1 16 8.18756381 1.00000000 0.87295430 -2.70698010
1 17 7.32530203 2.58531499 0.18201921 -0.11123260
1 18 4.29391946 3.98711219 2.36636045 -2.49725025
1 19 1.00000000 1.94118842 -0.41548928 -0.38679554
2 0 3.63815533 5.07727931 0.69884751 4.07727931
2 1 8.02544622 3.67602022 1.57549092 -1.72334095
2 2 6.94034410 1.34811200 -2.66450903 -1.74105874
2 3 7.67728974 3.10766125 2.68020223 -0.75293509
2 4 6.65543512 1.42120218 1.31774157 -1.95587937
2 5 6.32363838 3.03053815 -2.67636162 -2.42651904
2 6 2.73768874 9.00000000 2.12343651 1.17114577
2 7 5.94896580 6.65460346 1.08291828 -2.34539654
2 8 8.26810318 1.12695476 0.91252083 -0.09500802
2 9 9.00000000 1.65547511 1.69182802 3.30828892
2 10 2.40029034 1.00000000 -1.38011697 -0.86052102
2 11 8.17846239 9.00000000 -1.89561969 2.29632320
2 12 3.55552291 8.63353158 -1.56709748 3.50939646
2 13 8.02198069 6.90058189 2.44791082 -2.09941811
2 14 1.00000000 1.81650530 -3.54376360 -0.84921617
2 15 5.25940302 8.16465508 -0.94805683 2.46135553
2 16 9.00000000 3.51931700 0.87295430 2.70698010
2 17 7.50501991 2.57769863 0.17971788 -0.00761636
2 18 2.38789615 2.25856048 -1.90602331 -1.72855171
2 19 1.41548928 1.55439289 0.41548928 -0.38679554
3 0 4.33700283 8.84544137 0.69884751 -4.07727931
3 1 9.00000000 3.45417733 2.30915644 -0.52564565
3 2 7.08451819 1.00000000 1.12355116 -2.71284277
3 3 9.00000000 1.78216925 1.94653671 -1.95063040
3 4 5.59811521 1.00000000 -2.47031863 -0.98409534
3 5 3.64727676 1.39598090 -2.67636162 2.42651904
3 6 4.86112525 7.82885423 2.12343651 -1.17114577
3 7 6.98175628 4.44246541 0.20056640 0.00022622
3 8 8.81937599 1.03194674 -0.91252083 -0.09500802
3 9 7.30817198 4.96376403 -1.69182802 3.30828892
3 10 1.02017337 1.86052102 -1.38011697 0.86052102
3 11 6.28284270 6.70367680 -1.89561969 -2.29632320
3 12 1.98842543 5.85707196 -1.56709748 -3.50939646
3 13 7.53010849 4.80116378 -2.44791082 -2.09941811
3 14 4.40726176 1.00000000 3.54376360 -0.84921617
3 15 4.31134619 7.37398939 -0.94805683 -2.46135553
3 16 8.12704570 6.22629710 -0.87295430 2.70698010
3 17 7.73486557 2.43682378 1.06206976 -2.35323912
3 18 2.64217296 2.09438824 0.25427681 -0.16417224
3 19 1.00000000 1.08976241 -1.74481085 -1.95117500
4 0 4.15132583 6.48378463 -0.18567700 -2.36165674
4 1 6.69084356 2.92853168 -2.30915644 -0.52564565
4 2 8.20806935 3.71284277 1.12355116 2.71284277
4 3 8.21947225 1.00000000 -1.94653671 -1.95063040
4 4 3.12779659 1.98409534 -2.47031863 0.98409534
4 5 4.16130323 1.60562397 0.51402647 0.20964308
4 6 7.86908627 4.94208589 3.00796102 -2.88676834
4 7 4.36563863 2.60018978 -2.61611765 -1.84227563
4 8 8.83126139 1.00000000 0.91712298 -2.46513240
4 9 5.58429908 8.22264641 -1.72387290 3.25888238
4 10 2.35994360 2.72104205 1.38011697 0.86052102
4 11 5.20623907 4.12298140 -0.99886494 -2.60768720
4 12 1.57867205 2.34767550 1.56709748 -3.50939646
4 13 7.89888172 4.54424752 0.36877323 -0.25691626
4 14 7.95102537 1.84921617 3.54376360 0.84921617
4 15 2.54427330 5.19700605 -1.84481158 -2.14999153
4 16 7.28613628 8.98268374 -0.84090942 2.75638664
4 17 6.96729152 2.45370903 -0.76757405 0.01688526
4 18 1.00000000 3.24246957 -2.93611127 2.05270372
4 19 1.08026878 1.00000000 1.74481085 -1.95117500
5 0 3.96564883 4.12212789 -0.18567700 -2.36165674
5 1 6.20780810 1.00000000 -0.49686331 -1.98373975
5 2 9.00000000 2.83789238 2.69177660 -2.97396116
5 3 6.27293554 2.95063040 -1.94653671 1.95063040
5 4 1.00000000 2.19305395 -3.71461093 0.36479049
5 5 4.35510083 1.69417147 -0.67100649 -0.23848098
5 6 9.00000000 7.14151663 1.43973558 2.80003559
5 7 2.99381329 1.37721899 -1.37182534 -1.22297079
5 8 9.00000000 1.45355206 0.91712298 2.46513240
5 9 3.86042618 6.51847121 -1.72387290 -3.25888238
5 10 4.09665540 1.63649988 1.80922787 -1.48008447
5 11 2.39508100 2.97338830 -2.81115807 -1.14959310
5 12 3.14576953 3.16172096 1.56709748 3.50939646
5 13 8.26765495 4.28733126 0.36877323 -0.25691626
5 14 6.50521103 2.69843233 -3.54376360 0.84921617
5 15 1.00000000 4.93699283 -2.27392248 0.19061397
5 16 6.44522686 6.26092961 -0.84090942 -2.75638664
5 17 6.51994633 2.59168987 0.41745890 0.46500931
5 18 3.93611127 5.29517330 2.93611127 2.05270372
5 19 2.82507962 2.95117500 1.74481085 1.95117500
6 0 7.41803159 6.02209574 3.45238276 1.89996785
6 1 5.71094479 2.98373975 -0.49686331 1.98373975
6 2 7.33649619 1.00000000 -2.69177660 -2.97396116
6 3 4.14220360 5.10125470 -2.13073194 2.15062430
6 4 4.71461093 2.55784445 3.71461093 0.36479049
6 5 5.78276402 1.92400444 1.42766320 0.22983298
6 6 8.04439621 9.00000000 -1.43973558 2.80003559
6 7 1.62198795 1.84575180 -1.37182534 1.22297079
6 8 8.08287702 3.91868446 -0.91712298 2.46513240
6 9 1.82694986 8.26370797 -2.03347632 1.74523676
6 10 4.00210098 1.00000000 -0.28944182 -1.94839843
6 11 2.41607707 1.82379519 2.81115807 -1.14959310
6 12 1.07480724 2.40949283 -2.07096229 -0.75222813
6 13 8.63642817 4.03041501 0.36877323 -0.25691626
6 14 3.14564266 3.34765459 -3.35956837 0.64922226
6 15 3.27392248 5.12760679 2.27392248 0.19061397
6 16 5.18471442 4.47991305 -1.81380737 -0.49487872
6 17 7.35700825 2.08132910 1.39035685 -1.79649861
6 18 7.18182596 2.34375787 3.24571469 -2.95141542
6 19 4.56989047 4.90235000 1.74481085 1.95117500
7 0 7.12958564 7.92206359 -3.45238276 1.89996785
7 1 8.18978321 6.23948020 2.47883842 3.25574045
7 2 4.64471959 3.97396116 -2.69177660 2.97396116
7 3 6.47150369 7.11651826 2.32930009 2.01526356
7 4 5.45352014 1.65063423 0.73890920 -0.90721022
7 5 6.97298752 2.13010850 1.19022349 0.20610405
7 6 6.60466063 6.19996441 -1.43973558 -2.80003559
7 7 1.00000000 2.32297299 -0.72381357 0.55534706
7 8 7.16575404 6.38381685 -0.91712298 2.46513240
7 9 1.03094657 9.00000000 2.03347632 1.74523676
7 10 3.71265916 2.94839843 -0.28944182 1.94839843
7 11 3.34690234 1.00000000 2.36110942 -2.08961944
7 12 1.00000000 2.40716511 -2.71897406 -0.08460440
7 13 8.99479860 3.77349875 -0.36877323 -0.25691626
7 14 1.00000000 4.51965544 -2.90951972 1.58924860
7 15 1.08781292 5.45358150 -2.18610956 0.32597471
7 16 4.64662556 3.10850598 -0.53808886 -1.37140708
7 17 8.34990868 1.00000000 1.62779655 -1.77276969
7 18 9.00000000 1.30955654 3.24571469 2.95141542
7 19 5.03898281 7.73005336 0.46909234 2.82770336
8 0 6.88675885 9.00000000 -1.08171451 4.80185678
8 1 7.70842684 9.00000000 -2.47883842 3.25574045
8 2 2.52918136 7.58196768 -2.11553823 3.60800652
8 3 6.43013553 6.22989289 -0.04136816 -0.88662537
8 4 6.19242934 1.25657599 0.73890920 0.90721022
8 5 7.59571100 1.73749808 0.22124409 -0.81617255
8 6 5.18100280 3.42523884 -0.53391002 -1.37406162
8 7 1.72381357 2.87832005 0.72381357 0.55534706
8 8 6.24863107 8.84894925 -0.91712298 2.46513240
8 9 3.06442289 7.25476324 2.03347632 -1.74523676
8 10 2.84697897 4.26275149 -0.86568019 1.31435306
8 11 5.70801176 3.08961944 2.36110942 2.08961944
8 12 3.71897406 2.32256071 2.71897406 -0.08460440
8 13 9.00000000 3.86852067 0.60020617 0.76536035
8 14 3.90951972 6.10890403 2.90951972 1.58924860
8 15 3.09829664 5.77955621 2.18610956 0.32597471
8 16 4.09245894 1.71178888 -1.44391443 -2.79738105
8 17 9.00000000 1.70798909 1.62779655 1.77276969
8 18 5.75428531 4.26097196 -3.24571469 2.95141542
8 19 5.50807514 7.44224328 0.46909234 -2.82770336
9 0 5.80504434 4.19814322 -1.08171451 -4.80185678
9 1 5.22958842 5.74425955 -2.47883842 -3.25574045
9 2 1.00000000 7.81004527 -2.11553823 -3.60800652
9 3 7.51111980 3.86756763 1.08098427 -2.36232526
9 4 5.93953754 1.82388365 -0.25289180 0.56730766
9 5 8.80875610 1.26122809 1.21304510 -0.47627000
9 6 7.34043466 4.08252525 2.15943186 0.65728641
9 7 2.18806293 3.11372416 0.46424936 0.23540410
9 8 5.33150809 6.68591836 -0.91712298 -2.46513240
9 9 3.81368860 7.25077612 0.74926571 -0.00398712
9 10 2.24086300 5.89704750 -0.60611597 1.63429602
9 11 8.06912118 5.17923888 2.36110942 2.08961944
9 12 3.73499527 1.00000000 0.02563218 -2.11595243
9 13 8.39979383 4.63388102 -0.60020617 0.76536035
9 14 8.10325004 5.95690298 4.19373032 -0.15200105
9 15 1.08732361 8.71440588 -2.90902502 3.49307203
9 16 2.64854451 3.08559217 -1.44391443 2.79738105
9 17 7.37220345 3.48075878 -1.62779655 1.77276969
9 18 6.70565320 4.60351243 1.84941989 -0.21568190
9 19 4.85481505 6.09023982 -0.65326010 -1.35200346
10 0 2.08387465 1.00000000 -4.02140633 -3.45618030
10 1 2.78751709 2.45457675 -2.44207133 -3.28968280
10 2 3.11553823 4.20203875 2.11553823 -3.60800652
10 3 8.59210407 1.50524237 1.08098427 -2.36232526
10 4 5.68664573 2.39119131 -0.25289180 0.56730766
10 5 8.52590396 1.00000000 -1.21304510 -0.47627000
10 6 7.37268763 3.63269674 0.03225296 -0.44982852
10 7 1.00000000 3.38305371 -1.59275476 0.36107172
10 8 5.07356292 3.97547240 -0.25794516 -2.71044596
10 9 3.90377649 7.49210257 0.09008789 0.24132645
10 10 1.63474703 7.53134352 -0.60611597 1.63429602
10 11 9.00000000 5.15154822 2.26644480 -0.06741947
10 12 3.76062745 3.11595243 0.02563218 2.11595243
10 13 9.00000000 5.36989365 1.52697272 1.87247528
10 14 9.00000000 6.37617818 4.28839494 2.00503787
10 15 1.15051874 9.00000000 2.90902502 3.49307203
10 16 3.26163421 5.75730560 0.61308969 2.67171343
10 17 8.68409871 3.90785198 1.31189526 0.42709320
10 18 8.55507309 4.38783053 1.84941989 -0.21568190
10 19 4.16478786 4.77217870 -0.69002718 -1.31806112
11 0 1.00000000 1.93153139 -4.02140633 3.45618030
11 1 1.00000000 1.95336447 -2.44207133 3.28968280
11 2 2.79864855 1.00000000 -0.32907205 -3.32513653
11 3 9.00000000 1.38615159 1.08098427 2.36232526
11 4 5.30408746 2.89145404 -0.44287316 0.46907650
11 5 7.31285886 1.47627000 -1.21304510 0.47627000
11 6 7.53460706 3.24991316 0.22223432 -0.35159736
11 7 2.59275476 3.74412543 1.59275476 0.36107172
11 8 7.24719304 1.00000000 2.18666512 -2.99331595
11 9 4.46238049 9.00000000 0.94432219 2.54910635
11 10 1.02863105 8.83436046 -0.60611597 -1.63429602
11 11 6.73355520 5.08412875 -2.26644480 -0.06741947
11 12 2.95514975 1.82606411 -0.80547770 -1.28988832
11 13 7.47302728 7.24236893 -1.52697272 1.87247528
11 14 4.71160506 8.38121605 -4.28839494 2.00503787
11 15 4.05954375 5.50692797 2.90902502 -3.49307203
11 16 3.02048960 6.12123913 -0.24114460 0.36393353
11 17 9.00000000 3.84356898 1.50926338 -0.30712120
11 18 9.00000000 4.52748055 1.65205176 0.51853250
11 19 4.30587056 6.85995833 0.14108269 2.08777963
12 0 5.02140633 5.38771168 4.02140633 3.45618030
12 1 3.44207133 5.24304727 2.44207133 3.28968280
12 2 2.46957650 4.32513653 -0.32907205 3.32513653
12 3 7.91901573 3.74847686 -1.08098427 2.36232526
12 4 5.85102753 2.92471846 1.30203761 -0.29920297
12 5 6.01999295 1.31409673 -1.29286592 -0.16217326
12 6 7.83666220 3.53675906 0.30205513 0.28684590
12 7 3.19569629 4.54100923 -0.15215600 1.12935119
12 8 9.00000000 3.39940948 2.18666512 2.99331595
12 9 5.40670268 6.45089365 0.94432219 -2.54910635
12 10 1.57748492 7.20006445 0.60611597 -1.63429602
12 11 8.93292624 5.06900958 2.86820209 -0.00728632
12 12 2.14967206 1.46382422 -0.80547770 1.28988832
12 13 5.94605456 8.88515580 -1.52697272 -1.87247528
12 14 3.93965744 9.00000000 -3.97363020 3.18521431
12 15 2.50275293 1.96155564 -2.22562188 -3.55320518
12 16 2.77934500 6.48517266 -0.24114460 0.36393353
12 17 7.49073662 3.53644778 -1.50926338 -0.30712120
12 18 7.34794824 5.04601305 -1.65205176 0.51853250
12 19 4.13218850 7.76756152 -0.17368206 0.90760318
13 0 6.76193312 2.55006137 1.74052680 -2.83765031
13 1 6.50468226 7.36967384 3.06261093 2.12662657
13 2 1.70326700 7.52028401 -0.76630950 3.19514748
13 3 7.42516822 4.77675452 -0.49384750 1.02827766
13 4 7.11059900 3.03031363 1.25957147 0.10559517
13 5 5.32728343 1.00000000 -1.25039978 -0.56697140
13 6 8.13871733 3.82360496 0.30205513 0.28684590
13 7 3.48077774 5.80034947 0.28508144 1.25934025
13 8 6.81333488 6.39272543 -2.18666512 2.99331595
13 9 7.60215998 9.00000000 3.22520172 3.74472425
13 10 2.18360089 5.56576843 0.60611597 -1.63429602
13 11 6.19887167 5.06172326 -2.86820209 -0.00728632
13 12 1.51396535 1.00000000 -3.56637737 -2.60209962
13 13 6.52212529 8.18960456 0.68833132 -0.63272696
13 14 1.00000000 6.64360585 -3.97363020 -3.18521431
13 15 3.03803073 2.30033840 0.53527779 0.33878276
13 16 1.91766081 8.01216241 -0.86168420 1.52698975
13 17 5.98147323 3.22932658 -1.50926338 -0.30712120
13 18 5.10875970 6.89859316 -2.23918853 1.85258010
13 19 1.85546299 7.49824066 -2.38898609 -0.33214513
14 0 8.50245992 2.28758894 1.74052680 2.83765031
14 1 7.36627518 9.00000000 2.33723869 4.42257746
14 2 1.00000000 8.40830090 -1.39255092 1.75837730
14 3 6.91899609 5.56938791 -0.57725914 -0.56653422
14 4 7.85764387 2.74044566 0.74704488 -0.28986797
14 5 4.07688366 1.56697140 -1.25039978 0.56697140
14 6 8.95329905 4.50591400 0.81458172 0.68230904
14 7 2.30611006 6.07493665 -1.17466767 0.27458717
14 8 5.35204200 7.09009050 -1.46129288 0.69736507
14 9 9.00000000 7.37699285 3.22520172 -3.74472425
14 10 1.61042711 3.64929922 -2.31184235 -2.33248713
14 11 4.50995933 5.33661014 0.04975623 0.69090480
14 12 1.00000000 1.37499930 -3.56637737 2.60209962
14 13 7.22278124 7.79252187 0.77174295 0.96208492
14 14 4.97363020 3.45839153 3.97363020 -3.18521431
14 15 2.56472204 2.32096462 -1.50953813 -0.30625023
14 16 1.83918643 9.00000000 -0.23544278 2.96375993
14 17 5.48079633 3.24036192 0.53555254 0.33791179
14 18 4.53148547 9.00000000 -0.77943941 2.83733318
14 19 2.53352310 7.16609552 2.38898609 -0.33214513
15 0 9.00000000 2.73152900 2.54615314 2.27185592
15 1 9.00000000 5.90862786 2.33723869 -4.42257746
15 2 1.46859746 9.00000000 1.39255092 1.75837730
15 3 6.34173695 5.00285369 -0.57725914 -0.56653422
15 4 7.79906241 3.01637209 -0.05858147 0.27592643
15 5 2.96765314 2.06355307 -1.10923052 0.49658166
15 6 8.23211922 5.18822304 -0.81458172 0.68230904
15 7 1.13144239 6.34952382 -1.17466767 0.27458717
15 8 4.17140658 8.37187245 -1.18063543 1.28178196
15 9 5.77479828 3.63226860 -3.22520172 -3.74472425
15 10 2.70141524 1.31681208 2.31184235 -2.33248713
15 11 4.27905810 5.44309805 -0.23090123 0.10648791
15 12 4.56637737 3.97709892 3.56637737 2.60209962
15 13 7.99452419 8.75460679 0.77174295 0.96208492
15 14 4.76713619 2.07020349 -0.20649401 -1.38818804
15 15 1.00000000 2.09739010 -1.65070738 -0.23586049
15 16 1.60374365 6.03624007 -0.23544278 -2.96375993
15 17 9.00000000 2.15145754 4.71567674 -1.45911448
15 18 3.75204606 6.16266682 -0.77943941 -2.83733318
15 19 4.92250919 6.83395039 2.38898609 -0.33214513
16 0 6.45384686 5.00338492 -2.54615314 2.27185592
16 1 6.66276131 1.48605041 -2.33723869 -4.42257746
16 2 2.86114838 7.24162270 1.39255092 -1.75837730
16 3 5.65070973 4.42516347 -0.69102722 -0.57769023
16 4 7.74048094 3.29229852 -0.05858147 0.27592643
16 5 2.40519658 1.34598423 0.33366518 -2.70747093
16 6 7.53130559 5.88168809 -0.70081364 0.69346504
16 7 2.04322529 6.62411100 1.17466767 0.27458717
16 8 2.99077115 8.34634559 -1.18063543 -1.28178196
16 9 6.49297728 1.00000000 1.38025825 -5.05892052
16 10 2.95110665 1.00000000 0.61018466 -3.13023236
16 11 5.25995161 3.89503241 0.98089351 -1.54806564
16 12 3.52729477 7.89339481 -1.03908260 3.91629589
16 13 8.76626714 8.28330828 0.77174295 -0.96208492
16 14 6.09010187 1.39903343 1.49516367 -0.59044282
16 15 2.65070738 1.86152961 1.65070738 -0.23586049
16 16 1.00000000 4.26107812 -1.67833847 0.24029267
16 17 5.27863227 1.00000000 -4.71567674 -1.45911448
16 18 1.76081191 4.97988720 -1.99123415 -1.18277962
16 19 7.31149528 6.50180526 2.38898609 -0.33214513
17 0 3.90769371 7.27524083 -2.54615314 2.27185592
17 1 6.91796544 1.00000000 1.97783275 -3.76689198
17 2 5.09253051 6.11654222 2.23138214 -1.12508048
17 3 5.08481212 4.01723322 -0.56589761 -0.40793025
17 4 7.68189947 3.56822495 -0.05858147 0.27592643
17 5 2.73886176 3.36148670 0.33366518 2.70747093
17 6 7.49834365 4.69104532 -0.03296194 -1.19064277
17 7 2.37906175 6.26540135 0.33583646 -0.35870965
17 8 1.00000000 8.78774623 -3.66020741 0.81155380
17 9 7.87323553 6.05892052 1.38025825 5.05892052
17 10 3.56129131 4.13023236 0.61018466 3.13023236
17 11 6.11571552 2.17720679 0.85576390 -1.71782562
17 12 4.40172586 9.00000000 1.44048938 1.82296013
17 13 8.46198991 7.32122336 -0.77174295 -0.96208492
17 14 5.18711500 1.00000000 -2.81990778 -1.24612829
17 15 4.30141477 1.62566913 1.65070738 -0.23586049
17 16 2.67833847 4.50137079 1.67833847 0.24029267
17 17 1.00000000 2.32388513 -4.71567674 1.45911448
17 18 2.23042225 3.79710758 1.99123415 -1.18277962
17 19 9.00000000 8.02434546 1.72113439 1.55196268
18 0 2.82923179 9.00000000 -1.74958996 2.79807869
18 1 8.89579820 4.76689198 1.97783275 3.76689198
18 2 7.32391265 4.99146174 2.23138214 -1.12508048
18 3 5.42757353 3.54190798 0.34276141 -0.47532525
18 4 7.85749533 2.41167668 0.17559586 -1.15654827
18 5 3.20693618 3.53751920 0.46807442 0.17603249
18 6 7.23120438 4.93287724 -0.26713927 0.24183193
18 7 1.91833502 5.38046893 -0.46072672 -0.88493242
18 8 1.95729058 9.00000000 3.66020741 0.81155380
18 9 6.56247692 5.34823948 -1.31075860 -0.71068104
18 10 3.26281695 7.32785972 -0.29847436 3.19762736
18 11 7.82915121 1.00000000 1.99585763 -1.37124327
18 12 5.84221524 7.17703987 1.44048938 -1.82296013
18 13 9.00000000 8.66886449 1.91927391 4.80751664
18 14 2.36720723 2.24612829 -2.81990778 1.24612829
18 15 4.81202842 1.04322628 0.51061365 -0.58244284
18 16 4.22226770 7.27310190 1.54392923 2.77173111
18 17 5.71567674 3.78299961 4.71567674 1.45911448
18 18 4.22165640 2.61432795 1.99123415 -1.18277962
18 19 7.91799423 9.00000000 -1.72113439 1.55196268
19 0 1.07964182 6.20192131 -1.74958996 -2.79807869
19 1 9.00000000 4.89694751 2.91122962 3.63354086
19 2 8.62189791 3.99973239 1.29798527 -0.99172935
19 3 6.46414496 3.60025483 1.03657143 0.05834685
19 4 8.03309119 1.25512840 0.17559586 -1.15654827
19 5 3.67501060 3.71355169 0.46807442 0.17603249
19 6 9.00000000 6.50076650 3.48135901 3.08593336
19 7 1.45760830 4.49553651 -0.46072672 -0.88493242
19 8 5.61749799 8.18844620 3.66020741 -0.81155380
19 9 6.00040559 2.73658325 -0.56207133 -2.61165623
19 10 2.96434259 7.47451292 -0.29847436 -3.19762736
19 11 9.00000000 1.80442538 1.99585763 1.37124327
19 12 6.53401735 7.25505493 0.69180211 0.07801506
19 13 8.86780290 9.00000000 -1.91927391 4.80751664
19 14 2.45270055 3.49225658 2.81990778 1.24612829
19 15 5.32264207 1.53921656 0.51061365 0.58244284
19 16 5.76619693 7.95516699 1.54392923 -2.77173111
19 17 6.68285521 2.39801267 0.96717846 -1.38498695
19 18 5.44188766 1.00000000 1.29742413 -1.71645172
19 19 6.19685984 7.44803732 -1.72113439 -1.55196268
20 0 1.00000000 6.15449441 -2.09325778 -1.24654020
20 1 6.08877038 8.53048837 -2.91122962 3.63354086
20 2 8.08011682 3.00800304 -1.29798527 -0.99172935
20 3 7.50071640 3.65860168 1.03657143 0.05834685
20 4 8.14951572 1.00000000 0.74942051 -1.64225238
20 5 6.60786534 4.33582435 2.93285473 0.62227266
20 6 6.18051946 9.00000000 -3.48135901 3.08593336
20 7 1.34054940 2.05906560 -0.11705891 -2.43647091
20 8 6.88561247 9.00000000 1.75836508 1.12529892
20 9 7.06790743 3.00380227 1.06750184 0.26721903
20 10 2.66586823 4.27688556 -0.29847436 -3.19762736
20 11 7.00414237 3.17566864 -1.99585763 1.37124327
20 12 9.00000000 5.48771112 2.59364443 -1.85883767
20 13 6.94852900 4.19248336 -1.91927391 -4.80751664
20 14 2.80782801 4.29214470 0.35512747 0.79988813
20 15 5.05990345 1.00000000 -1.11895952 -2.29643241
20 16 5.34023834 7.50308902 -0.42595859 -0.45207797
20 17 7.07620902 1.49872983 0.39335381 -0.89928283
20 18 6.73931179 2.71645172 1.29742413 1.71645172
20 19 6.44561327 3.57642149 0.24875343 -3.87161582
21 0 3.09325778 4.90795422 2.09325778 -1.24654020
21 1 3.17754075 5.83597077 -2.91122962 -3.63354086
21 2 7.29319449 1.44241002 -0.78692233 -1.56559301
21 3 8.02622489 4.29081219 0.52550850 0.63221051
21 4 8.89893623 2.64225238 0.74942051 1.64225238
21 5 9.00000000 5.07664329 2.84362213 0.88063987
21 6 2.69916044 5.91406664 -3.48135901 -3.08593336
21 7 1.22349049 2.37740530 -0.11705891 2.43647091
21 8 8.64397755 7.87470108 1.75836508 -1.12529892
21 9 8.22464187 3.01265408 1.15673444 0.00885181
21 10 2.36739387 1.07925821 -0.29847436 -3.19762736
21 11 6.25125743 1.00000000 -1.65869782 -4.79326477
21 12 6.40635557 3.62887345 -2.59364443 -1.85883767
21 13 4.69209527 5.54947475 -2.25643372 1.35699140
21 14 3.16295548 5.09203283 0.35512747 0.79988813
21 15 3.94094393 3.29643241 -1.11895952 2.29643241
21 16 4.91427975 7.05101105 -0.42595859 -0.45207797
21 17 7.46956283 1.40055300 0.39335381 0.89928283
21 18 8.41515631 1.00000000 2.89698882 -2.96718542
21 19 5.09480201 4.38844281 -1.35081126 0.81202132
22 0 4.85966225 1.00000000 1.83730142 -4.06480505
22 1 1.00000000 5.16737792 -2.65527326 -0.81527600
22 2 6.50627216 2.12318299 -0.78692233 1.56559301
22 3 8.18309609 5.61938198 0.15687119 1.32856979
22 4 9.00000000 2.72775379 1.11805782 0.94589310
22 5 6.15637787 5.95728316 -2.84362213 0.88063987
22 6 1.00000000 5.19690205 -4.21800648 -1.78029385
22 7 1.10643158 4.81387621 -0.11705891 2.43647091
22 8 7.59765737 6.74940216 -1.75836508 -1.12529892
22 9 9.00000000 3.26657981 1.36142025 0.44585800
22 10 2.06891951 4.11836915 -0.29847436 3.19762736
22 11 4.59255962 5.79326477 -1.65869782 4.79326477
22 12 3.81271113 1.77003579 -2.59364443 -1.85883767
22 13 2.21292710 5.40121314 -2.47916817 -0.14826161
22 14 4.25473041 4.58628145 1.09177493 -0.50575138
22 15 1.95859787 4.77575647 -1.98234606 1.47932406
22 16 4.71105559 8.10418609 -0.20322415 1.05317504
22 17 7.65823084 1.86282965 0.18866801 0.46227665
22 18 9.00000000 1.59901497 2.89698882 2.96718542
22 19 4.60737729 6.01757248 -0.48742472 1.62912967
23 0 6.69696367 5.06480505 1.83730142 4.06480505
23 1 3.65527326 4.35210192 2.65527326 -0.81527600
23 2 6.70671129 2.61426629 1.10514019 -0.49347011
23 3 8.93696655 5.79561730 0.75387046 0.17623532
23 4 7.88194218 3.67364690 -1.11805782 0.94589310
23 5 4.89069092 7.00342205 -1.26568695 1.04613889
23 6 5.21800648 3.41660819 4.21800648 -1.78029385
23 7 1.00000000 5.30966446 -0.59758163 2.78370326
23 8 5.24229303 6.77643771 -2.35536435 0.02703555
23 9 7.63857975 3.71243780 -1.36142025 0.44585800
23 10 2.25096788 6.96876416 0.18204836 2.85039501
23 11 2.34978726 9.00000000 -3.23663300 4.62776574
23 12 1.21906670 2.08880188 -2.59364443 1.85883767
23 13 1.00000000 6.33804488 -1.84075527 1.42174904
23 14 4.35914388 5.15503979 -0.80028759 1.55331174
23 15 1.00000000 4.74258594 -2.62075896 -0.09068659
23 16 4.60512883 9.00000000 -0.16196832 1.60478839
23 17 7.84689885 2.32510630 0.18866801 0.46227665
23 18 6.10301118 4.56620039 -2.89698882 2.96718542
23 19 4.08529992 7.18337684 -0.52868055 1.07751631
24 0 8.53426509 8.87038989 1.83730142 -4.06480505
24 1 5.98307849 3.16326795 2.32780523 -1.18883397
24 2 7.30112618 1.66041645 0.59441489 -0.95384984
24 3 8.30916299 5.97185262 -0.75387046 0.17623532
24 4 7.27460967 5.07991973 -0.60733252 1.40627283
24 5 3.32024355 8.24630562 -1.57044736 1.24288357
24 6 9.00000000 1.22617089 3.86517311 -2.23861287
24 7 1.59758163 8.09336772 0.59758163 2.78370326
24 8 3.19168910 6.60672859 -2.05060393 -0.16970912
24 9 6.27715951 4.15829580 -1.36142025 0.44585800
24 10 1.71533072 9.00000000 -0.72370495 2.74442393
24 11 1.00000000 7.07006255 -3.23663300 -4.62776574
24 12 3.37457774 3.94763955 2.59364443 1.85883767
24 13 2.84075527 7.75979392 1.84075527 1.42174904
24 14 3.88632432 7.08190951 -0.47281956 1.92686972
24 15 3.62075896 4.65189934 2.62075896 -0.09068659
24 16 4.44316051 7.39521161 -0.16196832 -1.60478839
24 17 8.03556685 2.78738296 0.18866801 0.46227665
24 18 3.55885573 7.99170483 -2.54415545 3.42550444
24 19 4.46237268 8.36686423 0.37707276 1.18348739
25 0 7.62843349 4.80558484 -1.83730142 -4.06480505
25 1 7.44077392 2.96654210 1.45769543 -0.19672585
25 2 7.79815449 1.00000000 1.46452469 -1.94595796
25 3 8.24766488 6.74501190 -0.06149811 0.77315928
25 4 5.97490480 5.88926859 -1.29970487 0.80934887
25 5 3.69364965 9.00000000 0.71635129 1.44590553
25 6 8.60949495 1.00000000 -3.86517311 -2.23861287
25 7 1.00413420 9.00000000 -1.68921703 2.58068130
25 8 1.14108517 6.43701946 -2.05060393 -0.16970912
25 9 5.23175443 4.03067533 -0.21523679 -1.63414197
25 10 1.00000000 6.28733270 -0.72370495 -2.74442393
25 11 4.23663300 2.44229680 3.23663300 -4.62776574
25 12 5.36390245 4.07767726 1.98932471 0.13003771
25 13 2.83192906 9.00000000 -0.01869783 2.62730716
25 14 5.27295786 7.80322111 1.38663354 0.72131160
25 15 6.84583764 6.29001270 3.22507868 1.63811336
25 16 3.96517702 6.36390168 -1.30815178 0.47521157
25 17 8.22423486 3.24965961 0.18866801 0.46227665
25 18 1.01470028 6.58279073 -2.54415545 -3.42550444
25 19 4.83944544 8.44964838 0.37707276 -1.18348739
26 0 6.21572680 4.90176052 -1.41270669 0.09617568
26 1 7.90699072 1.00000000 1.03310070 -4.35770658
26 2 9.00000000 2.59692824 1.46452469 1.94595796
26 3 9.00000000 7.17768084 3.16582512 1.82067028
26 4 4.80541293 7.08469247 -1.16949187 1.19542388
26 5 4.41000094 7.55409447 0.71635129 -1.44590553
26 6 4.74432184 3.23861287 -3.86517311 2.23861287
26 7 1.00000000 8.99368403 -1.68921703 -2.58068130
26 8 1.00000000 6.05033847 -0.65093934 -1.78407037
26 9 5.01651763 2.39653336 -0.21523679 -1.63414197
26 10 1.72370495 3.54290877 0.72370495 -2.74442393
26 11 7.47326600 4.18546894 3.23663300 4.62776574
26 12 7.22301417 3.82163996 1.85911172 -0.25603730
26 13 2.81323122 6.37269284 -0.01869783 -2.62730716
26 14 7.22753364 7.67765189 1.95457578 -0.12556922
26 15 6.84359309 6.88061506 -0.00224455 0.59060236
26 16 2.65702525 6.83911326 -1.30815178 0.47521157
26 17 8.41290287 3.71193626 0.18866801 0.46227665
26 18 1.00000000 6.57603983 -3.94382004 -1.81114319
26 19 4.64857596 8.11304181 -0.19086948 -0.33660657
27 0 4.80302011 4.99793619 -1.41270669 0.09617568
27 1 8.94009142 5.35770658 1.03310070 4.35770658
27 2 7.53547531 4.54288620 -1.46452469 1.94595796
27 3 5.83417488 8.99835112 -3.16582512 1.82067028
27 4 5.72014101 5.80589437 0.91472808 -1.27879810
27 5 3.04213228 8.58241092 -1.36786866 1.02831645
27 6 2.80256680 1.52502237 -1.21397767 -3.20901378
27 7 2.68921703 6.41300273 1.68921703 -2.58068130
27 8 1.65093934 4.26626810 0.65093934 -1.78407037
27 9 4.80128084 1.23760861 -0.21523679 1.63414197
27 10 2.44740990 1.20151516 0.72370495 2.74442393
27 11 9.00000000 7.26909886 2.48003114 5.00905741
27 12 8.91787412 3.56560266 -1.85911172 -0.25603730
27 13 1.00000000 7.56144279 -2.66989327 2.82031949
27 14 8.81789057 7.55208266 -1.95457578 -0.12556922
27 15 6.84134853 7.47121742 -0.00224455 0.59060236
27 16 1.34887347 7.31432483 -1.30815178 0.47521157
27 17 9.00000000 3.76223518 0.94526986 0.08098499
27 18 4.94382004 4.76489664 3.94382004 -1.81114319
27 19 4.45770648 7.77643524 -0.19086948 -0.33660657
28 0 6.36688642 3.24243928 2.02434902 -2.04195494
28 1 8.19641403 9.00000000 -1.03310070 4.35770658
28 2 6.07095062 6.48884416 -1.46452469 1.94595796
28 3 5.83236709 9.00000000 -2.57305317 2.34688467
28 4 7.46230200 5.63663189 1.74216098 -0.16926248
28 5 1.67426363 8.38927263 -1.36786866 -1.02831645
28 6 5.61139785 1.98032595 2.80883105 0.45530358
28 7 1.40186107 5.68399401 -1.74783868 -0.44255069
28 8 2.30187868 2.48219773 0.65093934 -1.78407037
28 9 4.58604405 2.87175058 -0.21523679 1.63414197
28 10 1.72469636 1.00000000 -3.29910377 -0.91989343
28 11 8.14301467 9.00000000 -2.48003114 5.00905741
28 12 7.05876240 3.30956536 -1.85911172 -0.25603730
28 13 2.36182948 9.00000000 2.66989327 2.82031949
28 14 8.84163500 7.50745144 0.02374443 -0.04463123
28 15 4.86078377 7.98088178 -1.98056477 0.50966436
28 16 1.95927830 7.78953640 1.30815178 0.47521157
28 17 8.05473014 3.84322017 -0.94526986 0.08098499
28 18 8.06020718 1.84421782 3.11638714 -2.92067882
28 19 3.67406504 6.91361428 -0.78364144 -0.86282095
29 0 9.00000000 3.35486731 3.33179869 0.14226031
29 1 7.16331333 4.64229342 -1.03310070 -4.35770658
29 2 5.10434225 7.82091166 -0.96660837 1.33206750
29 3 3.25931393 6.65311533 -2.57305317 -2.34688467
29 4 8.86552555 6.49340839 1.40322355 0.85677650
29 5 1.00000000 8.00109320 -1.45772992 -0.83922777
29 6 6.46270977 1.00000000 1.50138138 -1.72891167
29 7 2.34597762 5.24144332 1.74783868 -0.44255069
29 8 2.95281802 1.30187265 0.65093934 1.78407037
29 9 3.27931434 4.56555492 -1.75120292 1.71809980
29 10 1.00000000 1.20206804 -3.29910377 0.91989343
29 11 5.66298352 3.99094259 -2.48003114 -5.00905741
29 12 6.29114360 2.99386570 -0.32314559 -0.33999513
29 13 5.03172275 6.17968051 2.66989327 -2.82031949
29 14 8.86537943 7.46282021 0.02374443 -0.04463123
29 15 2.61268230 9.00000000 -2.47848109 1.12355482
29 16 3.35729134 8.07565929 1.39801303 0.28612289
29 17 7.44839770 2.89816618 -0.60633243 -0.94505399
29 18 9.00000000 1.03655624 3.11638714 2.92067882
29 19 2.89042360 6.05079333 -0.78364144 -0.86282095
30 0 5.66820131 3.49712763 -3.33179869 0.14226031
30 1 7.94630193 3.71705167 0.78298859 -0.92524174
30 2 6.60246481 8.79358244 1.49812257 0.97267078
30 3 2.82978059 7.61930047 -0.42953334 0.96618513
30 4 9.00000000 6.48915160 1.40335939 -0.04442328
30 5 2.45772992 7.16186544 1.45772992 -0.83922777
30 6 7.96409115 2.72891167 1.50138138 1.72891167
30 7 1.95029647 1.48582284 -0.39568115 -3.75562049
30 8 1.00000000 1.59758357 -4.46022870 -0.42273566
30 9 2.22261322 3.63123677 -1.05670111 -0.93431815
30 10 4.29910377 2.12196146 3.29910377 0.91989343
30 11 6.46611089 1.00000000 2.63113690 -2.80225138
30 12 5.16048958 1.00000000 -2.13923488 -3.77245996
30 13 7.64610245 4.02688314 2.49250716 -0.68734316
30 14 8.88898803 8.31938876 0.02360859 0.85656855
30 15 1.00000000 8.26893250 -2.47848109 -1.12355482
30 16 2.29057344 8.72117890 -1.06671790 0.64551961
30 17 6.89757885 1.28559008 -0.42894633 -3.07803031
30 18 5.88361286 3.95723506 -3.11638714 2.92067882
30 19 1.41228036 7.84039032 -1.47814324 1.78959699
31 0 6.02600319 7.34534294 0.35780188 3.84821531
31 1 8.68175672 5.43217457 0.73545479 1.71512289
31 2 8.10058738 8.23374678 1.49812257 -0.97267078
31 3 2.40374429 8.57833933 -0.42603629 0.95903886
31 4 7.59664061 6.44472832 -1.40335939 -0.04442328
31 5 1.78941539 8.68816407 -2.45543167 3.51472026
31 6 9.00000000 2.11933524 1.54891518 -0.91145297
31 7 1.55461532 4.26979765 -0.39568115 3.75562049
31 8 5.46022870 1.17484792 4.46022870 -0.42273566
31 9 1.16591211 2.69691863 -1.05670111 -0.93431815
31 10 4.14184868 1.00000000 -0.39049680 -2.78606157
31 11 9.00000000 3.69867914 2.63113690 2.80225138
31 12 3.02125470 4.77245996 -2.13923488 3.77245996
31 13 7.86139039 3.33953998 -2.49250716 -0.68734316
31 14 8.91259662 8.82404269 0.02360859 -0.85656855
31 15 3.47848109 7.14537768 2.47848109 -1.12355482
31 16 1.83337395 9.00000000 -1.07021495 0.65266588
31 17 6.46863253 3.79244024 -0.42894633 3.07803031
31 18 4.89327017 4.51238748 0.79677444 -1.43326921
31 19 1.54551584 9.00000000 1.47814324 1.78959699
32 0 6.38380507 6.80644175 0.35780188 -3.84821531
32 1 8.58278849 7.14729746 -0.73545479 1.71512289
32 2 9.00000000 7.72139848 1.52707366 -0.86989395
32 3 1.97770800 8.46262180 -0.42603629 -0.95903886
32 4 6.16433012 6.29752822 -1.43231049 -0.14720011
32 5 1.00000000 8.18186181 -2.45543167 -3.51472026
32 6 7.45108482 1.20788227 -1.54891518 -0.91145297
32 7 1.00000000 5.18600094 -1.95079329 3.22263584
32 8 9.00000000 1.16064778 4.46022870 0.42273566
32 9 1.89078901 1.76260048 1.05670111 -0.93431815
32 10 3.75135188 3.78606157 -0.39049680 2.78606157
32 11 6.36886310 6.50093052 -2.63113690 2.80225138
32 12 2.44770132 9.00000000 -0.58412274 4.30544460
32 13 6.12776433 2.40542209 -1.73362606 -0.93411789
32 14 8.93620521 7.96747414 0.02360859 -0.85656855
32 15 5.95696218 6.02182286 2.47848109 -1.12355482
32 16 1.00000000 8.49177056 -1.07021495 -0.65266588
32 17 5.28080510 7.11724528 -1.18782743 3.32480505
32 18 5.69004461 3.07911827 0.79677444 -1.43326921
32 19 3.02365909 7.21040301 1.47814324 -1.78959699
33 0 7.80668570 5.42790688 1.42288063 -1.37853487
33 1 7.03159003 6.96931824 -1.55119846 -0.17797922
33 2 7.47292634 6.85150453 -1.52707366 -0.86989395
33 3 1.55167171 7.50358294 -0.42603629 -0.95903886
33 4 3.66694089 3.68064766 -2.49738924 -2.61688055
33 5 3.45543167 4.66714155 2.45543167 -3.51472026
33 6 5.90216964 1.70357069 -1.54891518 0.91145297
33 7 2.95079329 8.40863678 1.95079329 3.22263584
33 8 4.53977130 1.58338344 -4.46022870 0.42273566
33 9 2.94749012 1.17171766 1.05670111 0.93431815
33 10 3.36085508 6.57212315 -0.39049680 2.78606157
33 11 4.41550742 9.00000000 -2.40024859 3.07081197
33 12 1.86357858 4.69455540 -0.58412274 -4.30544460
33 13 5.69340456 1.00000000 -0.75446257 -2.44115236
33 14 9.00000000 8.04625565 0.83935227 1.03653357
33 15 8.20455497 4.62970745 2.24759279 -1.39211541
33 16 2.07021495 7.83910468 1.07021495 -0.65266588
33 17 5.10701702 9.00000000 -0.06306265 3.64384657
33 18 5.50765556 3.15288353 -0.18238905 0.07376526
33 19 3.51755172 5.14162159 0.35337846 -2.10863851
34 0 8.77043368 4.04937202 -1.42288063 -1.37853487
34 1 5.48039157 6.79133902 -1.55119846 -0.17797922
34 2 5.94585267 5.98161058 -1.52707366 -0.86989395
34 3 1.12563541 6.54454408 -0.42603629 -0.95903886
34 4 2.41590697 1.00000000 -2.09567576 -4.49050045
34 5 5.50914986 3.02604118 2.05371819 -1.64110037
34 6 4.65981944 1.48880639 -1.24235019 -0.21476430
34 7 3.29659575 9.00000000 1.93246129 3.30473801
34 8 5.37479068 3.37514388 0.83501938 1.79176044
34 9 1.27318080 1.00000000 -4.23854697 -0.43470664
34 10 3.02668944 9.00000000 -0.37216481 2.70395941
34 11 2.01525883 5.92918803 -2.40024859 -3.07081197
34 12 1.27945584 1.61088921 -0.58412274 4.30544460
34 13 4.93894199 3.44115236 -0.75446257 2.44115236
34 14 8.22768784 9.00000000 -0.83935227 1.03653357
34 15 7.54785225 3.23759204 -2.24759279 -1.39211541
34 16 3.14042989 7.18643880 1.07021495 -0.65266588
34 17 5.04395437 5.35615343 -0.06306265 -3.64384657
34 18 5.01870152 4.35286605 -0.48895404 1.19998253
34 19 3.87093018 3.03298308 0.35337846 -2.10863851
35 0 7.34755305 2.67083715 -1.42288063 -1.37853487
35 1 6.18876344 6.23697749 1.07637888 -0.61566138
35 2 5.56274363 7.12134161 -0.38310905 1.13973103
35 3 1.00000000 6.42777108 -0.77335202 -0.71879920
35 4 1.00000000 4.03392872 -2.09567576 4.49050045
35 5 3.45468068 1.00000000 -2.17159119 -2.09680497
35 6 4.62987084 1.00000000 -0.14478695 -2.36314134
35 7 5.22905704 5.69526199 1.93246129 -3.30473801
35 8 6.20981006 5.16690432 0.83501938 1.79176044
35 9 1.00000000 1.02801750 -4.23854697 0.43470664
35 10 2.65452463 6.29604059 -0.37216481 -2.70395941
35 11 1.00000000 4.29173828 -2.05293287 -3.31105164
35 12 1.30466690 5.91633381 0.58412274 4.30544460
35 13 4.20065648 1.00000000 -1.08507073 -3.58780299
35 14 7.38833557 7.96346643 -0.83935227 -1.03653357
35 15 9.00000000 2.52134148 1.97771659 -0.93641081
35 16 1.95107451 6.91015523 -1.55736239 -0.21498372
35 17 5.31149988 7.74126222 0.26754551 2.38510879
35 18 3.38578287 3.54322360 -1.63291865 -0.80964245
35 19 3.12674540 3.07272161 -0.74418478 0.03973853
36 0 6.31226831 1.00000000 -1.06785839 -3.75328259
36 1 7.21771716 8.03255231 1.02895373 1.79557482
36 2 3.99281296 7.72375847 -1.57941617 0.59812245
36 3 1.77335202 5.70897188 0.77335202 -0.71879920
36 4 3.09567576 8.52442917 2.09567576 4.49050045
36 5 1.28308949 3.09680497 -2.17159119 2.09680497
36 6 4.48508389 3.36314134 -0.14478695 2.36314134
36 7 6.99936139 3.47519356 1.57743905 -0.92999029
36 8 7.09225460 4.54742856 0.88244454 -0.61947576
36 9 5.23854697 1.46272415 4.23854697 0.43470664
36 10 4.99565705 4.35531522 2.34113242 -1.94072538
36 11 3.04095811 1.00000000 2.05293287 -3.31105164
36 12 1.00000000 6.42319426 -2.12917448 3.54221058
36 13 3.11558576 4.58780299 -1.08507073 3.58780299
36 14 7.73580492 7.46424703 0.35695485 -0.49492499
36 15 7.02228341 1.58493066 -1.97771659 -0.93641081
36 16 1.60628788 6.69517151 1.55736239 -0.21498372
36 17 5.57904539 7.87362899 0.26754551 -2.38510879
36 18 2.31844653 3.76087501 -1.06733634 0.21765141
36 19 1.81697830 2.08516629 -1.30976710 -0.98755533
37 0 5.24440992 4.75328259 -1.06785839 3.75328259
37 1 8.24667089 8.17187287 1.02895373 -1.79557482
37 2 2.52541955 8.22190364 -1.46739341 0.49814517
37 3 1.00000000 6.33187592 -2.44019742 1.96548116
37 4 3.30118106 9.00000000 1.98365301 4.59047773
37 5 1.00000000 3.35562996 -2.24316617 2.05089732
37 6 3.10970736 3.33493329 -1.37537652 -0.02820805
37 7 8.57635558 2.58188848 1.57699419 -0.89330509
37 8 7.97469913 3.92795280 0.88244454 -0.61947576
37 9 8.52290605 1.89743079 -4.23854697 0.43470664
37 10 8.56737904 4.80593924 3.57172199 0.45062402
37 11 5.09389098 4.31105164 2.05293287 3.31105164
37 12 2.54888280 9.00000000 2.12917448 3.54221058
37 13 5.24406447 5.49132563 2.12847872 0.90352264
37 14 8.09275978 6.96932204 0.35695485 -0.49492499
37 15 5.83373998 1.00000000 -1.97727174 -0.97309601
37 16 3.16365028 6.48018779 1.55736239 -0.21498372
37 17 5.84659089 5.48852020 0.26754551 -2.38510879
37 18 1.32268518 4.02443406 -0.99576136 0.26355905
37 19 1.49278880 1.09761096 1.30976710 -0.98755533
38 0 4.37833776 9.00000000 -0.87875112 4.30888766
38 1 9.00000000 7.78911822 1.18190694 -0.60050830
38 2 1.05802614 8.72004881 -1.46739341 0.49814517
38 3 3.44019742 8.29735708 2.44019742 1.96548116
38 4 5.28483407 4.40952227 1.98365301 -4.59047773
38 5 3.24316617 5.40652728 2.24316617 2.05089732
38 6 1.96676809 3.21704215 -1.14293927 -0.11789114
38 7 9.00000000 2.57551959 1.64482170 -0.02472754
38 8 8.85714367 3.30847704 0.88244454 -0.61947576
38 9 4.21653157 1.46355988 -4.30637448 -0.43387091
38 10 5.86089897 5.25656326 -3.57172199 0.45062402
38 11 6.95771657 7.06649820 1.86382559 2.75544656
38 12 4.67805728 5.45778942 2.12917448 -3.54221058
38 13 5.52696220 6.40344149 0.28289773 0.91211586
38 14 8.29676142 5.27933052 0.20400164 -1.68999152
38 15 3.85646825 1.97309601 -1.97727174 0.97309601
38 16 4.72101267 6.26520408 1.55736239 -0.21498372
38 17 7.95971738 3.09481820 2.11312649 -2.39370201
38 18 1.00000000 4.11724153 -1.22819861 0.35324214
38 19 2.80255590 1.88994436 1.30976710 0.98755533
39 0 3.49958664 4.69111234 -0.87875112 -4.30888766
39 1 7.81809306 7.18860992 -1.18190694 -0.60050830
39 2 1.76663011 9.00000000 1.46739341 0.49814517
39 3 5.88039484 7.73716176 2.44019742 -1.96548116
39 4 7.26848708 2.18095545 1.98365301 4.59047773
39 5 5.17292432 7.44622796 1.92975815 2.03970068
39 6 1.17617118 3.09915101 1.14293927 -0.11789114
39 7 7.35517830 2.55079205 -1.64482170 -0.02472754
39 8 9.00000000 3.27054958 1.64736252 -0.43736443
39 9 1.00000000 1.00858912 -4.19378411 -0.59320082
39 10 2.46656069 5.09797757 -3.39433828 -0.15858569
39 11 8.82154217 8.17805523 1.86382559 -2.75544656
39 12 7.12063978 1.92677549 2.44258250 -3.53101393
39 13 5.63247622 7.92476705 0.10551402 1.52132557
39 14 8.50076306 3.58933900 0.20400164 -1.68999152
39 15 1.76660614 3.10552194 -2.08986210 1.13242593
39 16 6.27837506 6.05022036 1.55736239 -0.21498372
39 17 9.00000000 1.10731120 1.34820850 -2.57581334
39 18 2.22819861 4.47048366 1.22819861 0.35324214
39 19 4.11232299 2.87749969 1.30976710 0.98755533
40 0 5.38687328 1.00000000 1.95199046 -3.81765860
40 1 8.59159368 8.03383100 0.77350062 0.84522108
40 2 3.23402352 8.50185483 1.46739341 -0.49814517
40 3 9.00000000 6.30582290 3.41240253 -1.56568030
40 4 8.03767830 1.59037334 0.76919122 -0.59058212
40 5 6.08018655 9.00000000 0.95755305 1.63989981
40 6 1.00000000 3.08619916 -2.07599612 -0.15262419
40 7 6.92481840 7.70712436 -0.43035990 5.15633231
40 8 7.35263748 2.83318515 -1.64736252 -0.43736443
40 9 1.06072296 1.00000000 4.19378411 -0.59320082
40 10 2.92777758 4.93939188 3.39433828 -0.15858569
40 11 7.31463224 5.42260867 -1.86382559 -2.75544656
40 12 9.00000000 2.79004048 2.44258250 3.53101393
40 13 5.73799024 8.55390738 0.10551402 -1.52132557
40 14 8.70476470 1.89934749 0.20400164 -1.68999152
40 15 2.89567943 4.27268092 1.12907329 1.16715898
40 16 5.88032990 4.38950725 -0.39804517 -1.66071310
40 17 8.94383216 1.00000000 -1.34820850 -2.57581334
40 18 1.00000000 4.36472965 -1.60254296 -0.13798693
40 19 5.42209009 3.86505501 1.30976710 0.98755533
40 0 5.38687328 1.00000000 1.95199046 -3.81765860 18 18
40 1 8.59159368 8.03383100 0.77350062 0.84522108 20 18
40 2 3.23402352 8.50185483 1.46739341 -0.49814517 19 17
40 3 9.00000000 6.30582290 3.41240253 -1.56568030 24 11
40 4 8.03767830 1.59037334 0.76919122 -0.59058212 25 10
40 5 6.08018655 9.00000000 0.95755305 1.63989981 25 14
40 6 1.00000000 3.08619916 -2.07599612 -0.15262419 24 15
40 7 6.92481840 7.70712436 -0.43035990 5.15633231 23 14
40 8 7.35263748 2.83318515 -1.64736252 -0.43736443 16 17
40 9 1.06072296 1.00000000 4.19378411 -0.59320082 19 17
40 10 2.92777758 4.93939188 3.39433828 -0.15858569 17 18
40 11 7.31463224 5.42260867 -1.86382559 -2.75544656 18 21
40 12 9.00000000 2.79004048 2.44258250 3.53101393 18 20
40 13 5.73799024 8.55390738 0.10551402 -1.52132557 19 18
40 14 8.70476470 1.89934749 0.20400164 -1.68999152 20 13
40 15 2.89567943 4.27268092 1.12907329 1.16715898 23 14
40 16 5.88032990 4.38950725 -0.39804517 -1.66071310 20 12
40 17 8.94383216 1.00000000 -1.34820850 -2.57581334 22 12
40 18 1.00000000 4.36472965 -1.60254296 -0.13798693 22 14
40 19 5.42209009 3.86505501 1.30976710 0.98755533 20 12
Thread number:48
