0 0 2.94062639 1.10775660 -1.76831586 -2.49140866
0 1 4.87446437 7.12270213 1.28866935 2.35984942
0 2 5.73063784 4.83022948 1.48291900 -1.39381646
0 3 6.58926904 3.84483289 2.38526313 -1.58121449
0 4 4.01995198 5.33296092 2.49933160 -2.30312165
0 5 7.81976177 4.73608787 2.47093449 2.32121618
0 6 2.15371008 7.40529751 2.48223831 1.87470026
0 7 4.75889617 8.76793040 1.36973985 -1.73779383
0 8 6.44536285 1.21335455 1.83592387 1.76926253
0 9 7.37035350 3.53122082 -2.28561664 -1.71131098
0 10 5.82276397 1.19411489 -1.69474074 1.59359640
0 11 7.87853919 8.60815245 2.10104682 -2.45141202
0 12 6.64339799 1.59000981 -2.44648198 1.77347100
0 13 4.05293600 7.69541980 -2.15776400 1.39586362
0 14 2.79130581 3.47670366 -1.72129228 -1.64342054
0 15 7.20183654 3.26667286 2.04108414 -1.88685028
0 16 7.67302883 2.59554280 -2.16250654 1.61649687
0 17 7.16277254 2.71800284 -1.32582834 -1.77114565
0 18 1.92755901 6.48436244 2.36636045 -2.49725025
0 19 1.22378679 2.18451739 2.05167409 -1.97266619
1 0 2.93930782 1.00000000 0.69884751 -4.07727931
1 1 6.44995529 5.39936118 1.57549092 -1.72334095
1 2 8.39514687 3.08917074 2.66450903 -1.74105874
1 3 4.99708751 3.86059634 -1.59218153 0.01576345
1 4 5.33769355 3.37708155 1.31774157 -1.95587937
1 5 9.00000000 5.45705719 2.67636162 -2.42651904
1 6 1.00000000 8.04160694 -2.12343651 1.17114577
1 7 4.86604752 9.00000000 1.08291828 2.34539654
1 8 6.43397483 1.00000000 -0.12509480 -2.34365012
1 9 8.66479616 1.00000000 1.69182802 -3.30828892
1 10 4.12802323 2.78771129 -1.69474074 1.59359640
1 11 9.00000000 8.00480256 1.89561969 2.29632320
1 12 4.19691601 3.36348081 -2.44648198 1.77347100
1 13 5.57406987 9.00000000 2.44791082 2.09941811
1 14 1.07001353 1.83328312 -1.72129228 -1.64342054
1 15 8.75707932 1.60438704 -2.04108414 -1.88685028
1 16 5.51052229 4.21203967 -2.16250654 1.61649687
1 17 7.79796287 5.05976984 0.63519033 2.34176700
1 18 4.29391946 3.98711219 2.36636045 -2.49725025
1 19 1.00000000 1.94118842 -0.41548928 -0.38679554
2 0 2.93930782 5.07727931 0.69884751 4.07727931
2 1 8.02544622 3.67602022 1.57549092 -1.72334095
2 2 9.00000000 2.89138241 2.43413241 -0.79596675
2 3 4.13599794 4.77891402 -0.86108957 0.91831767
2 4 6.65543512 1.42120218 1.31774157 -1.95587937
2 5 6.32363838 5.45705719 -2.67636162 -2.42651904
2 6 3.12343651 8.04160694 2.12343651 1.17114577
2 7 4.86604752 6.65460346 1.08291828 -2.34539654
2 8 6.43397483 3.34365012 -0.12509480 2.34365012
2 9 8.66479616 4.30828892 1.69182802 3.30828892
2 10 1.70219053 3.47875347 -2.42583270 0.69104218
2 11 7.10438031 8.00480256 -1.89561969 2.29632320
2 12 1.75043403 5.13695181 -2.44648198 1.77347100
2 13 5.57406987 6.90058189 2.44791082 -2.09941811
2 14 2.65127875 1.76643702 1.72129228 -1.64342054
2 15 8.37064201 1.00000000 -1.81070752 -2.83194227
2 16 3.34801575 5.82853654 -2.16250654 1.61649687
2 17 8.43315320 7.40153684 0.63519033 2.34176700
2 18 6.66027991 1.48986194 2.36636045 -2.49725025
2 19 1.41548928 1.94118842 0.41548928 -0.38679554
3 0 2.91325855 9.00000000 -0.02827953 4.25857058
3 1 8.39906286 2.61001063 -1.57549092 -1.72334095
3 2 6.56586759 2.89138241 -2.43413241 -0.79596675
3 3 4.00203540 5.51594042 -0.13396254 0.73702640
3 4 6.87899007 1.00000000 1.28492569 -2.42094169
3 5 5.85181257 1.21930723 -0.47182581 -4.23774996
3 6 4.86112525 8.78724729 2.12343651 -1.17114577
3 7 3.74442999 6.12043783 -1.12161753 -0.53416563
3 8 6.30888002 5.68730024 -0.12509480 2.34365012
3 9 7.64337582 4.96376403 -1.69182802 3.30828892
3 10 2.72364217 3.67878510 2.42583270 0.69104218
3 11 6.71182583 9.00000000 -1.12509077 2.85231102
3 12 2.69604795 5.68094641 2.44648198 1.77347100
3 13 7.25145177 4.24517596 1.67738190 -2.65540593
3 14 3.45403258 1.87698352 1.72129228 1.64342054
3 15 8.37064201 3.83194227 -1.81070752 2.83194227
3 16 1.18550921 7.44503341 -2.16250654 1.61649687
3 17 8.86672680 8.25669615 0.63519033 -2.34176700
3 18 7.23860495 1.00000000 2.39917633 -2.03218793
3 19 1.83097855 1.55439289 0.41548928 -0.38679554
4 0 2.91325855 4.74142942 -0.02827953 -4.25857058
4 1 6.92717935 1.11333033 -1.57549092 1.72334095
4 2 4.13173519 2.09541566 -2.43413241 -0.79596675
4 3 4.15800220 6.94919182 0.22802047 1.60627828
4 4 6.87899007 3.42094169 1.28492569 2.42094169
4 5 5.82739518 5.01844273 -0.47182581 4.23774996
4 6 6.98456176 7.61610152 2.12343651 -1.17114577
4 7 2.62281246 5.58627220 -1.12161753 -0.53416563
4 8 6.18378522 8.03095037 -0.12509480 2.34365012
4 9 5.95154780 8.27205295 -1.69182802 3.30828892
4 10 4.85954552 3.67360228 2.06384969 -0.17820969
4 11 6.71182583 6.14768898 -1.12509077 -2.85231102
4 12 5.14252993 7.45441741 2.44648198 1.77347100
4 13 8.92883367 1.58977004 1.67738190 -2.65540593
4 14 5.17532486 3.52040406 1.72129228 1.64342054
4 15 6.55993449 6.66388453 -1.81070752 2.83194227
4 16 2.97699733 7.58370354 2.16250654 1.61649687
4 17 8.49808287 7.76535558 -0.63519033 -2.34176700
4 18 7.23860495 3.03218793 2.39917633 2.03218793
4 19 2.24646783 1.16759735 0.41548928 -0.38679554
5 0 2.88841316 1.51714117 -0.02827953 4.25857058
5 1 5.35168843 2.83667128 -1.57549092 1.72334095
5 2 4.03018049 2.49566955 -0.01175257 0.44630730
5 3 5.88293157 7.75123444 1.72492937 0.80204261
5 4 8.16391575 5.84188338 1.28492569 2.42094169
5 5 4.61177002 7.58545844 -1.21562515 2.56701571
5 6 9.00000000 6.77985370 2.70049940 -1.12049415
5 7 1.50119493 5.05210658 -1.12161753 -0.53416563
5 8 6.13206117 7.62539951 -0.12509480 -2.34365012
5 9 5.57928248 6.41965813 -1.69182802 -3.30828892
5 10 6.92339521 3.49539258 2.06384969 -0.17820969
5 11 5.58673506 3.29537797 -1.12509077 -2.85231102
5 12 6.81963063 9.00000000 1.86941909 1.72281938
5 13 7.39378443 1.47710905 -1.67738190 -2.65540593
5 14 6.89661714 5.16382460 1.72129228 1.64342054
5 15 6.00639247 9.00000000 -1.06690818 4.50267651
5 16 3.36641812 9.00000000 0.66559764 2.42073253
5 17 7.86289254 5.42358858 -0.63519033 -2.34176700
5 18 8.36221871 4.52415236 -2.39917633 2.03218793
5 19 2.07306837 1.00000000 -2.00689056 -1.62906959
6 0 2.86013363 5.77571175 -0.02827953 4.25857058
6 1 3.77619750 4.56001223 -1.57549092 1.72334095
6 2 1.79678445 1.80056682 -2.23339604 -0.69510273
6 3 7.60786094 8.55327705 1.72492937 0.80204261
6 4 9.00000000 7.40343287 1.30075411 2.42941057
6 5 3.94190568 7.84752585 -1.21562515 -2.56701571
6 6 6.29950060 6.77985370 -2.70049940 -1.12049415
6 7 1.62042260 4.81341460 1.12161753 -0.53416563
6 8 6.00696637 5.28174939 -0.12509480 -2.34365012
6 9 3.88745446 3.11136921 -1.69182802 -3.30828892
6 10 7.07979340 1.95335378 0.15639819 -1.54203880
6 11 6.68328776 1.58447698 1.09655270 -1.71090099
6 12 6.81963063 7.27718062 1.86941909 -1.72281938
6 13 7.09240147 3.17829687 -1.67738190 2.65540593
6 14 8.60208100 6.79877626 1.70546386 1.63495166
6 15 6.00639247 4.49732349 -1.06690818 -4.50267651
6 16 3.36641812 6.57926747 0.66559764 -2.42073253
6 17 7.22770221 3.08182157 -0.63519033 -2.34176700
6 18 7.87049388 7.92016939 -0.49172484 3.39601703
6 19 2.07306837 2.62906959 -2.00689056 1.62906959
7 0 2.83872238 7.96571766 -0.02827953 -4.25857058
7 1 2.20070658 6.28335319 -1.57549092 1.72334095
7 2 2.43661160 1.55258257 2.23339604 -0.69510273
7 3 7.66445883 9.00000000 0.48140601 3.79970227
7 4 7.69924589 7.40343287 -1.30075411 2.42941057
7 5 2.72628053 5.28051013 -1.21562515 -2.56701571
7 6 3.59900119 5.65935955 -2.70049940 -1.12049415
7 7 2.74204013 4.27924897 1.12161753 -0.53416563
7 8 5.88187157 2.93809927 -0.12509480 -2.34365012
7 9 3.36299099 1.00000000 -0.76026745 -3.06066174
7 10 7.55679606 1.00000000 0.57615771 -1.15152847
7 11 6.87152793 1.00000000 0.67679318 -2.10141132
7 12 7.69545435 5.82103928 0.87582372 -1.45614134
7 13 9.00000000 1.42781326 2.08172983 -1.91027300
7 14 9.00000000 7.00049917 2.69905923 1.36827363
7 15 1.18037255 4.56032589 -4.82601991 0.06300241
7 16 4.03201577 4.15853494 0.66559764 -2.42073253
7 17 6.66302052 1.25994543 -0.63519033 2.34176700
7 18 8.62229240 8.31852677 0.75179852 0.39835738
7 19 1.00000000 3.13354698 -2.93845113 1.38144241
8 0 4.59922241 8.42392555 1.76050003 0.45820789
8 1 1.00000000 5.21499672 -3.36427048 -2.99343752
8 2 3.58305308 1.00000000 1.26619877 -2.70915580
8 3 7.66445883 5.20029773 0.48140601 -3.79970227
8 4 6.84441251 8.16715656 -1.30075411 -2.42941057
8 5 1.00000000 2.71337013 -1.93668297 -2.88002804
8 6 1.61955961 4.85187774 -1.97944159 -0.80748181
8 7 3.86365766 3.74508335 1.12161753 -0.53416563
8 8 3.87336386 4.64061294 -2.00850771 1.70251367
8 9 3.36299099 4.06066174 -0.76026745 3.06066174
8 10 7.55679606 2.15152847 0.57615771 1.15152847
8 11 6.87152793 3.10141132 0.67679318 2.10141132
8 12 8.57127807 4.36489794 0.87582372 -1.45614134
8 13 6.91827017 1.42781326 -2.08172983 -1.91027300
8 14 6.30094077 7.00049917 -2.69905923 1.36827363
8 15 5.64564736 4.56268061 4.82601991 0.06300241
8 16 5.21470176 2.81456660 1.63279492 -0.40667946
8 17 6.85339271 1.00000000 1.24822258 -1.70439679
8 18 8.62590908 8.51866365 -0.75179852 0.39835738
8 19 3.93845113 3.13354698 2.93845113 1.38144241
9 0 6.35972244 8.88213343 1.76050003 0.45820789
9 1 4.36427048 5.21499672 3.36427048 -2.99343752
9 2 3.58305308 3.70915580 1.26619877 2.70915580
9 3 7.19136626 2.27991945 -0.47309256 -2.92037828
9 4 5.54365841 5.73774599 -1.30075411 -2.42941057
9 5 2.93668297 2.71337013 1.93668297 -2.88002804
9 6 1.00000000 4.69708301 -2.42414443 -0.60566372
9 7 4.78121740 4.87936223 0.91755974 1.13427888
9 8 1.86485615 6.34312661 -2.00850771 1.70251367
9 9 3.04742638 6.91950539 -0.31556461 2.85884365
9 10 8.25315719 2.33488751 0.77376771 -0.44010640
9 11 7.54832111 5.20282265 0.67679318 2.10141132
9 12 9.00000000 3.81785482 1.83032229 -2.33546533
9 13 6.55775452 1.00000000 -1.41360553 -2.77110531
9 14 3.60188154 8.36877279 -2.69905923 1.36827363
9 15 9.00000000 5.11070975 4.62840992 1.65463728
9 16 6.26522383 3.15810573 0.96467061 0.45415286
9 17 6.85339271 2.70439679 1.24822258 1.70439679
9 18 7.87411057 8.91702103 -0.75179852 0.39835738
9 19 7.08096005 2.84654488 3.14250892 -0.28700210
10 0 6.13836187 9.00000000 -0.75184396 0.40032996
10 1 7.72854096 2.22155920 3.36427048 -2.99343752
10 2 3.88359829 5.47519055 0.30054522 1.76603475
10 3 6.98402313 2.64045882 -0.47309256 2.92037828
10 4 4.24290430 3.30833542 -1.30075411 -2.42941057
10 5 4.08884353 2.16665792 1.93668297 2.88002804
10 6 3.42414443 4.69708301 2.42414443 -0.60566372
10 7 6.66443068 6.95676215 1.88321329 2.07739993
10 8 2.14365156 7.07622283 2.00850771 1.70251367
10 9 1.93009620 7.68264719 -1.11733018 0.76314180
10 10 9.00000000 1.98065715 2.70729086 -1.28407825
10 11 8.22511429 7.30423397 0.67679318 2.10141132
10 12 7.16967771 3.81785482 -1.83032229 -2.33546533
10 13 6.55775452 3.77110531 -1.41360553 2.77110531
10 14 3.25614486 9.00000000 -1.89729367 3.46397548
10 15 4.37159008 5.11070975 -4.62840992 1.65463728
10 16 7.22989444 3.61225859 0.96467061 0.45415286
10 17 8.10161529 4.40879358 1.24822258 1.70439679
10 18 8.19431431 9.00000000 1.76054547 0.45623530
10 19 8.28994583 3.40351463 1.20898577 0.55696975
11 0 6.13836187 8.59967004 -0.75184396 -0.40032996
11 1 6.90718856 1.09024910 -3.36427048 -2.99343752
11 2 4.18414351 7.24122531 0.30054522 1.76603475
11 3 6.51093057 5.56083710 -0.47309256 2.92037828
11 4 3.70370342 6.52246531 -0.53920088 3.21412990
11 5 4.58494205 1.00000000 1.17512975 -2.76351242
11 6 5.84828885 4.09141929 2.42414443 -0.60566372
11 7 7.40329397 8.77938310 0.73886329 1.82262095
11 8 4.15215927 8.77873651 2.00850771 1.70251367
11 9 1.00000000 8.50465327 -1.21293641 1.93361818
11 10 6.29270914 1.98065715 -2.70729086 -1.28407825
11 11 9.00000000 8.30677909 1.82114318 2.35619030
11 12 6.14152034 1.54367301 -1.02815736 -2.27418181
11 13 4.34198407 6.48092710 -2.21577045 2.70982179
11 14 3.25614486 5.53602452 -1.89729367 -3.46397548
11 15 1.00000000 6.22384412 -4.53280369 0.48416090
11 16 8.19456505 4.06641145 0.96467061 0.45415286
11 17 8.65016213 5.63550110 -1.24822258 1.70439679
11 18 8.19431431 8.54376470 1.76054547 -0.45623530
11 19 8.50106840 3.73063072 -1.20898577 0.55696975
12 0 7.93656068 7.96944050 1.79819881 -0.63022954
12 1 6.86124917 1.00000000 -1.95005288 -3.83092831
12 2 4.70922957 9.00000000 0.71024493 2.37896395
12 3 6.03783801 8.48121538 -0.47309256 2.92037828
12 4 2.79991535 9.00000000 -0.94890060 2.60120070
12 5 4.58494205 3.76351242 1.17512975 2.76351242
12 6 8.27243328 3.48575557 2.42414443 -0.60566372
12 7 7.49272876 7.39799595 0.73886329 -1.82262095
12 8 4.09015290 9.00000000 -0.54153506 1.93241326
12 9 2.21293641 8.50465327 1.21293641 1.93361818
12 10 4.22513723 1.30342110 -2.70729086 1.28407825
12 11 7.17885682 8.30677909 -1.82114318 2.35619030
12 12 5.21727613 1.00000000 -2.44237497 -1.43669101
12 13 2.28218540 8.80925111 -2.21577045 -2.70982179
12 14 1.35885119 2.07204904 -1.89729367 -3.46397548
12 15 5.53280369 6.22384412 4.53280369 0.48416090
12 16 8.12008902 5.65897083 -0.07447603 1.59255938
12 17 7.40193956 7.33989789 -1.24822258 1.70439679
12 18 8.04514022 8.33497585 -1.76054547 -0.45623530
12 19 8.33122926 3.14919395 -0.16983914 -0.58143677
13 0 9.00000000 6.98482402 1.55714827 -1.44173138
13 1 6.86124917 4.83092831 -1.95005288 3.83092831
13 2 4.70922957 6.62103605 0.71024493 -2.37896395
13 3 5.75314156 9.00000000 -1.70607470 3.10887371
13 4 2.79991535 6.39879930 -0.94890060 -2.60120070
13 5 5.76007180 6.52702485 1.17512975 2.76351242
13 6 9.00000000 3.44153558 2.34321685 -0.14241583
13 7 7.04776824 8.85690157 -0.44496053 1.45890562
13 8 4.09015290 7.06758674 -0.54153506 -1.93241326
13 9 2.25358174 5.28184517 0.04064534 -3.22280810
13 10 1.51784637 2.58749936 -2.70729086 1.28407825
13 11 6.99076506 9.00000000 -0.58816104 2.16769487
13 12 5.21727613 2.43669101 -2.44237497 1.43669101
13 13 2.20083080 9.00000000 -1.04347938 2.44660449
13 14 2.53844248 1.41687808 1.89729367 -3.46397548
13 15 6.97152667 4.48237103 1.30147527 -1.84019811
13 16 9.00000000 4.31931812 1.10934779 -1.68896719
13 17 8.13045301 9.00000000 1.98310584 4.02875581
13 18 6.52564529 8.69024239 -1.51949493 0.35526654
13 19 8.24231770 2.10450930 -0.08891156 -1.04468466
14 0 7.44285173 6.98482402 -1.55714827 -1.44173138
14 1 4.91119630 8.66185662 -1.95005288 3.83092831
14 2 5.41947450 4.24207209 0.71024493 -2.37896395
14 3 5.75314156 5.89112629 -1.70607470 -3.10887371
14 4 1.85101475 3.79759861 -0.94890060 -2.60120070
14 5 6.24062695 6.65234634 0.40752365 -0.15207284
14 6 6.65678315 3.44153558 -2.34321685 -0.14241583
14 7 7.00412377 7.68419282 -0.44496053 -1.45890562
14 8 3.54861784 5.13517349 -0.54153506 -1.93241326
14 9 1.00000000 3.26171131 -3.71930970 -1.68458604
14 10 3.18944449 2.83311584 2.70729086 1.28407825
14 11 6.99076506 6.83230513 -0.58816104 -2.16769487
14 12 4.85006700 3.02441819 1.31758007 -0.10153104
14 13 2.20083080 6.55339551 -1.04347938 -2.44660449
14 14 2.76677555 4.04709739 1.89729367 3.46397548
14 15 8.14868924 3.12407963 1.02231945 -0.75803141
14 16 7.89065221 4.31931812 -1.10934779 -1.68896719
14 17 8.13045301 4.97124419 1.98310584 -4.02875581
14 18 6.31764191 9.00000000 -0.75188883 3.27085180
14 19 8.23996410 1.00000000 0.19024425 -2.12685136
15 0 8.04210896 6.13945090 0.59925723 -0.84537311
15 1 4.73907157 5.50721507 -1.95005288 -3.83092831
15 2 8.55709283 2.81819586 3.68762779 -1.20746648
15 3 4.04706686 2.78225258 -1.70607470 -3.10887371
15 4 1.09788585 1.46473027 0.94890060 -2.60120070
15 5 4.49174511 5.90391523 -1.74888185 -0.74843111
15 6 4.31356630 3.29911975 -2.34321685 -0.14241583
15 7 6.55916325 6.22528720 -0.44496053 -1.45890562
15 8 3.00708278 3.20276023 -0.54153506 -1.93241326
15 9 4.71930970 3.26171131 3.71930970 -1.68458604
15 10 3.46936194 3.16210637 -0.27009200 0.11258077
15 11 6.40260402 4.66461026 -0.58816104 -2.16769487
15 12 6.16764707 2.92288716 1.31758007 -0.10153104
15 13 1.00000000 6.61198654 -2.84221276 0.96544637
15 14 6.23848953 4.52452563 3.69602704 0.05192462
15 15 9.00000000 2.20555315 1.11941976 -1.20780418
15 16 6.68420412 3.08012371 -1.20644810 -1.23919441
15 17 7.88644114 3.20472604 -1.98310584 -4.02875581
15 18 6.31764191 5.72914820 -0.75188883 -3.27085180
15 19 8.23996410 3.12685136 0.19024425 2.12685136
16 0 8.64136619 5.29407779 0.59925723 -0.84537311
16 1 2.78901870 1.67628676 -1.95005288 -3.83092831
16 2 5.75527938 2.67317158 -3.68762779 -1.20746648
16 3 3.45408298 1.00000000 -1.11402118 -3.34826491
16 4 1.26741634 3.13647042 0.94890060 2.60120070
16 5 2.74286326 5.15548412 -1.74888185 -0.74843111
16 6 4.03059130 3.49107878 -0.28297500 0.19195903
16 7 6.53144466 6.97931337 -0.02771859 0.75402617
16 8 1.87349420 1.50973817 -1.13358858 -1.69302206
16 9 5.81038753 2.19197404 1.09107783 -1.06973727
16 10 1.13902809 2.94031229 -2.33033385 -0.22179408
16 11 5.81444297 2.49691539 -0.58816104 -2.16769487
16 12 9.00000000 2.40866081 3.94581195 -0.71637981
16 13 3.84221276 6.61198654 2.84221276 0.96544637
16 14 9.00000000 2.70444784 3.27878510 -2.16100717
16 15 7.88058024 2.20555315 -1.11941976 -1.20780418
16 16 4.42330888 1.73164420 -2.26089524 -1.34847950
16 17 7.36406499 1.00000000 -0.92865870 -3.91947072
16 18 5.56575308 2.45829640 -0.75188883 -3.27085180
16 19 8.43020836 5.25370272 0.19024425 2.12685136
17 0 9.00000000 4.90541284 0.75293869 -0.81598799
17 1 2.64263275 1.00000000 -0.78328162 -3.61867391
17 2 2.06765159 1.46570511 -3.68762779 -1.20746648
17 3 3.45408298 4.34826491 -1.11402118 3.34826491
17 4 1.00000000 3.22050467 -1.54341813 -0.89490304
17 5 3.19576928 7.49561416 0.74343688 2.74767263
17 6 3.74761630 3.68303781 -0.28297500 0.19195903
17 7 8.63080649 8.07227678 2.80400254 1.20524359
17 8 1.25805531 1.00000000 -2.30035983 -1.90527646
17 9 6.39617781 1.00000000 1.07618165 -2.18982909
17 10 3.19130576 2.92708002 2.33033385 -0.22179408
17 11 5.24117811 1.44931233 -0.57326486 -1.04760306
17 12 5.05418805 2.40866081 -3.94581195 -0.71637981
17 13 4.55734510 7.23849568 0.01049163 0.51422896
17 14 5.72121490 2.70444784 -3.27878510 -2.16100717
17 15 6.76324679 1.00225103 -1.11941976 1.20780418
17 16 3.19661549 1.61683530 -2.26089524 1.34847950
17 17 7.36406499 4.91947072 -0.92865870 3.91947072
17 18 5.23052641 2.81255540 -0.75188883 3.27085180
17 19 8.46677114 7.35116896 0.03656279 2.09746623
18 0 8.24706131 4.90541284 -0.75293869 -0.81598799
18 1 2.64263275 4.61867391 -0.78328162 3.61867391
18 2 3.61997619 1.11611627 3.68762779 -1.20746648
18 3 2.34006180 7.69652981 -1.11402118 3.34826491
18 4 2.54341813 3.22050467 1.54341813 -0.89490304
18 5 3.60281046 7.75671322 0.74343688 -2.74767263
18 6 4.18518753 4.85413076 0.43757123 1.17109296
18 7 9.00000000 8.26004866 2.86081935 1.45501321
18 8 1.25805531 2.90527646 -2.30035983 1.90527646
18 9 6.39617781 3.18982909 1.07618165 2.18982909
18 10 4.80109339 1.72615201 1.60978763 -1.20092801
18 11 5.04279105 1.00000000 -1.29000290 -2.92163310
18 12 3.26013302 2.59663843 -1.77628862 0.19544463
18 13 4.56783673 7.75272464 0.01049163 0.51422896
18 14 3.15916784 2.41747072 -2.56204706 -0.28697712
18 15 5.64382703 2.21005522 -1.11941976 1.20780418
18 16 1.00000000 1.84254830 -4.43041857 0.43665506
18 17 6.43540629 8.83894143 -0.92865870 3.91947072
18 18 4.47863758 6.08340721 -0.75188883 3.27085180
18 19 8.44869704 9.00000000 -0.02025402 1.84769661
19 0 9.00000000 5.36779706 1.83140036 1.24098990
19 1 1.85935113 8.23734781 -0.78328162 3.61867391
19 2 3.73590816 1.00000000 2.05001749 -2.05327653
19 3 1.90637646 6.95520528 -1.11402118 -3.34826491
19 4 1.65818919 4.43962344 -0.88522894 1.21911877
19 5 3.59983297 5.01212562 -0.00297749 -2.74458760
19 6 4.62275876 6.02522372 0.43757123 1.17109296
19 7 6.13918065 8.26004866 -2.86081935 1.45501321
19 8 3.04230451 3.11901116 2.30035983 1.90527646
19 9 5.29217833 3.64436560 -1.50815741 0.13285120
19 10 8.04849132 1.37103405 3.24739793 -0.35511796
19 11 5.04279105 3.92163310 -1.29000290 2.92163310
19 12 3.80302522 1.00000000 0.65235846 -1.91857718
19 13 5.32474273 8.26386856 0.75690600 0.51114393
19 14 1.40287923 2.17562045 2.56204706 -0.28697712
19 15 4.52440728 3.41785940 -1.11941976 1.20780418
19 16 5.43041857 1.84254830 4.43041857 0.43665506
19 17 6.39724593 5.24158785 -0.92865870 -3.91947072
19 18 3.80818423 8.64574099 -0.75188883 -3.27085180
19 19 8.44869704 7.15230339 -0.02025402 -1.84769661
20 0 7.16859964 5.36779706 -1.83140036 1.24098990
20 1 1.69427092 6.14397828 -0.78328162 -3.61867391
20 2 3.73590816 3.05327653 2.05001749 2.05327653
20 3 1.23994321 7.61905294 -0.60793866 1.18818450
20 4 1.00000000 3.25515741 -1.39131146 -3.31733063
20 5 1.00000000 4.96394543 -3.54766654 -0.06574548
20 6 5.06032999 7.19631668 0.43757123 1.17109296
20 7 6.53089182 9.00000000 0.76125329 1.43802485
20 8 5.34266434 5.02428762 2.30035983 1.90527646
20 9 4.43337228 3.96878707 -0.85880605 0.32442147
20 10 6.70411075 1.26698219 -3.24739793 -0.35511796
20 11 7.29747720 4.16442409 2.25468615 0.24279098
20 12 3.80302522 2.91857718 0.65235846 1.91857718
20 13 2.45957610 8.79200085 -2.86516664 0.52813229
20 14 3.48261919 1.90087258 -0.83437052 -0.20085843
20 15 2.75563615 4.43409330 -1.76877112 1.01623390
20 16 8.13916286 2.19436061 -4.43041857 0.43665506
20 17 5.95089433 1.30988788 2.46775889 -4.00558941
20 18 3.05629540 5.37488919 -0.75188883 -3.27085180
20 19 8.42844302 5.30460678 -0.02025402 -1.84769661
21 0 5.33719928 6.60878696 -1.83140036 1.24098990
21 1 1.00000000 6.16913706 -3.14079980 0.16028952
21 2 5.78592565 5.10655307 2.05001749 2.05327653
21 3 1.00000000 7.58986413 -2.11035470 -0.25672222
21 4 2.39131146 3.25515741 1.39131146 -3.31733063
21 5 4.54766654 4.96394543 3.54766654 -0.06574548
21 6 5.49790122 8.36740964 0.43757123 1.17109296
21 7 6.53089182 7.56197515 0.76125329 -1.43802485
21 8 7.64302417 6.92956409 2.30035983 1.90527646
21 9 4.67820690 6.13196437 0.24483462 2.16317730
21 10 7.72988947 1.00000000 2.65654457 -0.69142600
21 11 7.37871600 2.21605509 0.08123880 -1.94836900
21 12 3.35174301 2.99839854 -0.45128220 0.07982136
21 13 2.31591398 9.00000000 -1.36275060 1.97303901
21 14 2.64824867 1.70001414 -0.83437052 -0.20085843
21 15 3.33776356 1.68197469 0.58874705 -2.76272952
21 16 3.70874429 2.63101568 -4.43041857 0.43665506
21 17 5.66069264 1.00000000 -3.43618361 -3.66928136
21 18 2.30440658 2.10403739 -0.75188883 -3.27085180
21 19 9.00000000 5.39577783 2.15319332 0.34346337
22 0 5.30837331 9.00000000 -0.03066702 2.54393417
22 1 4.14079980 6.16913706 3.14079980 0.16028952
22 2 7.83594314 7.15982960 2.05001749 2.05327653
22 3 3.11035470 7.58986413 2.11035470 -0.25672222
22 4 1.38331745 1.00000000 -1.17598433 -2.63099754
22 5 8.09533308 4.89819995 3.54766654 -0.06574548
22 6 5.73426447 8.46149740 0.43757123 -1.17109296
22 7 7.01855908 6.27952425 0.48766727 -1.28245090
22 8 9.00000000 7.85200152 2.57394585 1.74970251
22 9 3.12230817 6.99219741 -1.55589873 0.86023304
22 10 7.72988947 1.69142600 2.65654457 0.69142600
22 11 7.42942039 1.73231391 0.08123880 1.94836900
22 12 5.46775660 2.39188681 2.11601359 -0.60651173
22 13 2.31591398 7.02696099 -1.36275060 -1.97303901
22 14 1.81387815 1.49915571 -0.83437052 -0.20085843
22 15 3.48309468 3.08075483 0.58874705 2.76272952
22 16 1.28328762 3.82003349 -2.42545668 1.18901781
22 17 5.66069264 4.66928136 -3.43618361 3.66928136
22 18 1.54788061 1.00000000 -2.75685072 -4.02321455
22 19 6.84680668 5.39577783 -2.15319332 0.34346337
23 0 5.30837331 6.45606583 -0.03066702 -2.54393417
23 1 7.28159959 6.32942657 3.14079980 0.16028952
23 2 8.11403937 8.32573704 -2.05001749 2.05327653
23 3 5.22070940 7.33314191 2.11035470 -0.25672222
23 4 1.38331745 3.63099754 -1.17598433 2.63099754
23 5 6.35700039 4.88143463 -3.54766654 -0.06574548
23 6 6.17183570 7.29040444 0.43757123 -1.17109296
23 7 7.50622635 4.99707335 0.48766727 -1.28245090
23 8 6.42605415 7.85200152 -2.57394585 1.74970251
23 9 1.88111482 7.83886352 -1.24119335 0.84666611
23 10 7.61356596 2.02200109 -2.65654457 0.69142600
23 11 7.51065919 3.68068291 0.08123880 1.94836900
23 12 7.58377019 1.78537508 2.11601359 -0.60651173
23 13 1.00000000 5.48981382 -1.67745598 -1.95947209
23 14 1.02049238 1.30323042 0.83437052 -0.20085843
23 15 4.07184173 5.84348435 0.58874705 2.76272952
23 16 3.14216906 3.95890796 2.42545668 1.18901781
23 17 1.67615181 8.00269318 -3.98454082 3.33341182
23 18 1.54788061 5.02321455 -2.75685072 4.02321455
23 19 5.24197056 6.07511074 -1.60483611 0.67933291
24 0 5.27770629 3.91213167 -0.03066702 -2.54393417
24 1 7.57760061 6.41712448 -3.14079980 0.16028952
24 2 7.44084662 7.62098643 -2.05001749 -2.05327653
24 3 5.70265433 7.14958988 0.48194493 -0.18355203
24 4 1.79266687 4.48858319 1.17598433 2.63099754
24 5 2.80933385 4.81568915 -3.54766654 -0.06574548
24 6 8.23781671 6.04614129 2.06598100 -1.24426316
24 7 7.99389362 3.71462246 0.48766727 -1.28245090
24 8 4.73726082 8.39829597 -2.57394585 -1.74970251
24 9 1.36007853 8.43990610 1.24119335 0.84666611
24 10 4.95702139 2.71342709 -2.65654457 0.69142600
24 11 7.59189799 5.62905191 0.08123880 1.94836900
24 12 8.30021623 1.37944196 -2.11601359 -0.60651173
24 13 2.67745598 5.48981382 1.67745598 -1.95947209
24 14 1.85486290 1.10237199 0.83437052 -0.20085843
24 15 4.66058878 8.60621387 0.58874705 2.76272952
24 16 5.56762573 5.14792578 2.42545668 1.18901781
24 17 4.30838901 8.56835245 3.98454082 3.33341182
24 18 3.20897011 5.82276500 2.75685072 4.02321455
24 19 3.63713445 6.75444365 -1.60483611 0.67933291
25 0 5.24703928 1.36819750 -0.03066702 -2.54393417
25 1 7.68028943 5.30340985 0.11473022 -1.11844436
25 2 5.39082913 5.56770990 -2.05001749 -2.05327653
25 3 2.94111064 8.24004201 -2.77358509 1.09518185
25 4 2.96865120 7.11958074 1.17598433 2.63099754
25 5 1.00000000 3.08123533 -2.99825836 -2.87417420
25 6 7.69620229 5.58710677 -2.06598100 -1.24426316
25 7 8.48156088 2.43217156 0.48766727 -1.28245090
25 8 2.16331496 6.64859346 -2.57394585 -1.74970251
25 9 2.00029754 9.00000000 0.67851455 1.89957028
25 10 2.30047682 3.40485309 -2.65654457 0.69142600
25 11 7.67313679 7.57742091 0.08123880 1.94836900
25 12 6.97640943 1.22706977 -2.11601359 0.60651173
25 13 3.80550378 6.33877046 1.12804780 0.84895663
25 14 2.28011848 1.09848644 0.83437052 0.20085843
25 15 5.16461397 9.00000000 4.00639401 3.13012604
25 16 7.99308241 6.33694359 2.42545668 1.18901781
25 17 4.39088971 9.00000000 0.56689386 2.96601530
25 18 5.38612534 8.15402045 2.75685072 -4.02321455
25 19 2.33115626 6.87454322 -1.04215732 -0.37357125
26 0 4.87828286 1.00000000 -2.35761370 -2.35404034
26 1 7.78114503 3.93760656 0.10085560 -1.36580329
26 2 3.34081164 3.51443336 -2.05001749 -2.05327653
26 3 2.09838468 9.00000000 -2.80892739 2.53304978
26 4 4.17997783 8.31271035 1.21132663 1.19312962
26 5 3.99825836 3.08123533 2.99825836 -2.87417420
26 6 5.64409591 4.59020255 -2.05210638 -0.99690422
26 7 8.96922815 1.14972066 0.48766727 -1.28245090
26 8 2.41063089 5.85780173 2.57394585 -1.74970251
26 9 2.00029754 7.10042972 0.67851455 -1.89957028
26 10 2.35606775 3.74333169 2.65654457 0.69142600
26 11 7.73245236 8.47421009 0.08123880 -1.94836900
26 12 7.18734252 1.64368767 0.21093309 0.41661790
26 13 4.93355158 7.18772709 1.12804780 0.84895663
26 14 3.11448900 1.29934488 0.83437052 0.20085843
26 15 5.16461397 5.86987396 4.00639401 -3.13012604
26 16 7.58146091 6.83055906 -2.42545668 1.18901781
26 17 4.39088971 6.03398470 0.56689386 -2.96601530
26 18 8.14297606 4.13080590 2.75685072 -4.02321455
26 19 1.28899895 6.50097196 -1.04215732 -0.37357125
27 0 4.87828286 3.35404034 -2.35761370 2.35404034
27 1 8.27331034 3.88657450 0.59713939 0.30167298
27 2 4.88329212 1.00000000 1.80999522 -2.95051537
27 3 2.09838468 6.46695022 -2.80892739 -2.53304978
27 4 4.87774967 8.49416003 1.21132663 -1.19312962
27 5 7.79334551 1.81365858 3.79508714 -1.26757675
27 6 3.59198953 3.59329833 -2.05210638 -0.99690422
27 7 8.54310458 1.06879789 -0.48766727 -1.28245090
27 8 4.98457674 4.10809922 2.57394585 -1.74970251
27 9 2.67881209 5.20085944 0.67851455 -1.89957028
27 10 1.15259960 5.33199653 -1.20346815 1.58866484
27 11 7.92717879 9.00000000 0.34606142 0.93441661
27 12 7.06501561 1.00000000 -0.28535069 -1.25085838
27 13 6.06159938 8.03668373 1.12804780 0.84895663
27 14 3.12248332 1.00000000 0.03754174 -1.40573901
27 15 8.82899202 2.87335348 -4.00639401 -3.13012604
27 16 4.89118162 5.13679127 -2.69027930 -1.69376779
27 17 4.95778357 3.06796940 0.56689386 -2.96601530
27 18 7.10017322 2.88010663 -2.75685072 -4.02321455
27 19 1.75315837 6.39737753 1.04215732 -0.37357125
28 0 3.41841133 5.54109543 -1.45987153 2.18705510
28 1 8.87044972 4.18824749 0.59713939 0.30167298
28 2 4.88329212 3.95051537 1.80999522 2.95051537
28 3 1.97449347 7.15597681 -0.12389121 0.68902659
28 4 5.33002087 7.59435300 0.45227120 -0.89980702
28 5 9.00000000 2.44834843 1.64711093 0.86636613
28 6 1.00000000 2.86406045 -2.94984855 -0.82991898
28 7 8.57653918 1.00000000 1.66030895 -3.41639378
28 8 7.55852259 2.35839671 2.57394585 -1.74970251
28 9 1.00000000 3.92148170 -2.69333592 -1.81346812
28 10 1.00000000 5.26789529 -3.88850433 -1.63341152
28 11 7.92717879 8.06558339 0.34606142 -0.93441661
28 12 7.06501561 2.25085838 -0.28535069 1.25085838
28 13 7.94870261 8.59231777 1.88710323 0.55563404
28 14 3.12248332 2.40573901 0.03754174 1.40573901
28 15 7.18368980 1.00000000 -2.75338124 -3.13502059
28 16 5.35953823 3.36236587 0.68157117 -1.77986996
28 17 5.35303411 1.89804590 0.56689386 2.96601530
28 18 5.22402324 1.00000000 -4.00986350 -4.01832000
28 19 2.79531568 6.02380628 1.04215732 -0.37357125
29 0 1.95853980 7.72815053 -1.45987153 2.18705510
29 1 8.53241089 4.25369589 -0.59713939 0.30167298
29 2 6.26645763 6.70169811 -0.88127540 1.69367214
29 3 1.85060226 7.84500339 -0.12389121 0.68902659
29 4 5.78229208 6.69454598 0.45227120 -0.89980702
29 5 7.35288907 2.44834843 -1.64711093 0.86636613
29 6 3.94984855 2.86406045 2.94984855 -0.82991898
29 7 8.57653918 4.41639378 1.66030895 3.41639378
29 8 7.86753155 1.37851727 -2.57394585 -1.74970251
29 9 3.69333592 3.92148170 2.69333592 -1.81346812
29 10 4.88850433 5.26789529 3.88850433 -1.63341152
29 11 8.70006994 7.33049942 3.03733205 0.32242663
29 12 7.93625512 3.74007182 0.87123951 1.48921344
29 13 8.16419416 8.90185919 -1.88710323 0.55563404
29 14 3.14677187 3.77272350 -0.40204518 0.12031409
29 15 7.18368980 4.13502059 -2.75338124 3.13502059
29 16 6.04110940 1.58249592 0.68157117 -1.77986996
29 17 4.76333777 4.62570613 -0.58969634 2.72766024
29 18 5.22402324 5.01832000 -4.00986350 4.01832000
29 19 3.85072619 5.68898956 1.48174423 0.91185368
30 0 1.86041746 8.44097994 -0.09812234 0.71282941
30 1 7.93527151 4.55536887 -0.59713939 0.30167298
30 2 5.38518222 8.39537025 -0.88127540 1.69367214
30 3 1.05739398 9.00000000 -1.48564040 2.16325228
30 4 6.87306042 6.81389858 1.09076834 0.11935260
30 5 5.70577814 3.31471455 -1.64711093 0.86636613
30 6 7.11077356 1.16402159 3.16092501 -1.70003886
30 7 7.76315187 5.28774300 -1.66030895 3.41639378
30 8 7.98324745 1.00000000 0.64479335 -2.10917804
30 9 6.17559537 2.97813346 2.48225945 -0.94334824
30 10 8.13851153 2.61532414 3.25000720 -2.65257115
30 11 6.26259801 7.36233836 -3.03733205 0.32242663
30 12 8.80749464 5.22928526 0.87123951 1.48921344
30 13 7.83087794 8.54250677 -1.88710323 -0.55563404
30 14 2.74472669 3.89303759 -0.40204518 0.12031409
30 15 7.28096948 6.07592802 1.64179099 1.29392720
30 16 5.00063078 1.00000000 -2.53716804 -1.42039442
30 17 2.82960889 6.20793018 -1.93372888 1.58222404
30 18 3.16844870 9.00000000 -2.66583096 5.16375619
30 19 2.48180950 7.79495639 -2.91342799 2.75294707
31 0 1.42602358 9.00000000 -2.47037052 3.17911170
31 1 7.33813212 4.85704186 -0.59713939 0.30167298
31 2 5.07057273 7.91095761 -0.88127540 -1.69367214
31 3 1.05739398 6.83674772 -1.48564040 -2.16325228
31 4 7.96382876 6.93325118 1.09076834 0.11935260
31 5 4.05866721 4.18108068 -1.64711093 0.86636613
31 6 7.30692135 1.00000000 2.74142937 -2.29242243
31 7 7.94694914 5.68972367 0.18379727 0.40198068
31 8 7.98324745 3.10917804 0.64479335 2.10917804
31 9 8.65785482 2.03478522 2.48225945 -0.94334824
31 10 9.00000000 2.13165431 3.66950284 -2.06018757
31 11 3.22526596 7.68476499 -3.03733205 0.32242663
31 12 8.32126585 5.55833550 -0.87123951 1.48921344
31 13 5.94377471 7.98687273 -1.88710323 -0.55563404
31 14 2.34268151 4.01335167 -0.40204518 0.12031409
31 15 7.14365807 9.00000000 -0.20231523 4.30834030
31 16 5.00063078 2.42039442 -2.53716804 1.42039442
31 17 1.10412000 7.70496070 1.93372888 1.58222404
31 18 3.16844870 3.83624381 -2.66583096 -5.16375619
31 19 1.94062970 8.08162117 -0.54117981 0.28666478
32 0 1.42602358 5.82088830 -2.47037052 -3.17911170
32 1 6.74099273 5.15871484 -0.59713939 0.30167298
32 2 3.28921231 6.13903318 -1.78136042 -1.77192443
32 3 2.42824642 6.75317591 1.48564040 -2.16325228
32 4 9.00000000 7.30212825 1.09443694 0.38961967
32 5 2.41155628 5.04744681 -1.64711093 0.86636613
32 6 7.30692135 3.29242243 2.74142937 2.29242243
32 7 8.12707781 5.82143727 0.18012867 0.13171360
32 8 8.62804080 5.21835609 0.64479335 2.10917804
32 9 6.85988572 1.90475770 -2.48225945 -0.94334824
32 10 5.33049716 2.13165431 -3.66950284 -2.06018757
32 11 2.47670580 7.30013288 -0.74856016 -0.38463211
32 12 7.45002634 7.04754894 -0.87123951 1.48921344
32 13 4.95675651 7.50949098 -0.98701821 -0.47738175
32 14 1.94063633 4.13366576 -0.40204518 0.12031409
32 15 7.14365807 4.69165970 -0.20231523 -4.30834030
32 16 2.46346275 3.84078884 -2.53716804 1.42039442
32 17 2.68686354 8.71281525 1.93372888 -1.58222404
32 18 1.70421486 3.32751239 -2.66583096 5.16375619
32 19 1.00000000 8.41191863 -2.82995170 0.99372351
33 0 1.00000000 5.72314065 -3.21502702 -0.73766185
33 1 6.14385335 5.46038782 -0.59713939 0.30167298
33 2 1.50785189 4.36710875 -1.78136042 -1.77192443
33 3 3.91388681 4.58992364 1.48564040 -2.16325228
33 4 7.90556306 7.30212825 -1.09443694 0.38961967
33 5 1.23555465 5.78991322 1.64711093 0.86636613
33 6 9.00000000 1.39437059 3.46172445 -3.88081942
33 7 8.30720648 5.95315088 0.18012867 0.13171360
33 8 8.72716585 6.43506866 -0.64479335 2.10917804
33 9 4.47917068 1.03859054 -2.48225945 0.94334824
33 10 3.31485124 1.92853327 -3.66950284 2.06018757
33 11 1.61191986 6.13422999 -0.86478594 -1.16590289
33 12 6.57878683 8.53676238 -0.87123951 1.48921344
33 13 3.96973830 7.03210924 -0.98701821 -0.47738175
33 14 2.28324766 1.81253000 0.34261132 -2.32113576
33 15 6.22104775 6.55656126 -0.92261032 1.86490155
33 16 1.57484573 6.37565776 -0.88861702 2.53486892
33 17 4.73681820 7.91186199 2.04995466 -0.80095326
33 18 1.00000000 3.98845627 -4.31438197 4.04928169
33 19 3.82995170 8.41191863 2.82995170 0.99372351
34 0 4.21502702 5.72314065 3.21502702 -0.73766185
34 1 5.54671396 5.76206081 -0.59713939 0.30167298
34 2 2.27350853 3.86194698 1.78136042 -1.77192443
34 3 5.39952721 2.42667136 1.48564040 -2.16325228
34 4 6.16531874 8.37328587 -1.74024432 1.07115762
34 5 1.00000000 5.36843463 -0.73244362 -1.31056341
34 6 5.53827555 1.39437059 -3.46172445 -3.88081942
34 7 8.48733515 6.08486448 0.18012867 0.13171360
34 8 8.72817987 7.86270875 0.00101402 1.42764009
34 9 1.99691123 1.98193878 -2.48225945 0.94334824
34 10 3.12083796 4.37953776 -0.19401327 2.45100450
34 11 3.12668847 7.14525664 1.51476861 1.01102665
34 12 6.80627255 9.00000000 1.05168112 2.14157735
34 13 2.98272009 6.55472749 -0.98701821 -0.47738175
34 14 1.34460386 1.00000000 -3.13287824 -2.71195269
34 15 5.29843743 8.42146281 -0.92261032 1.86490155
34 16 1.31377129 8.01546269 0.88861702 2.53486892
34 17 4.86385223 6.45854481 0.12703403 -1.45331718
34 18 5.31438197 3.98845627 4.31438197 4.04928169
34 19 5.50470514 8.59435786 2.82995170 -0.99372351
35 0 3.65149099 4.87504574 -0.56353603 -0.84809491
35 1 8.72813763 6.17416685 3.18142367 0.41210604
35 2 4.05486895 2.09002255 1.78136042 -1.77192443
35 3 6.37931151 1.73658091 1.48564040 2.16325228
35 4 5.57468322 9.00000000 -0.96910437 1.02830151
35 5 1.73244362 5.36843463 0.73244362 -1.31056341
35 6 5.18649357 4.48644883 -3.46172445 3.88081942
35 7 9.00000000 6.33605487 5.08472381 2.33261346
35 8 9.00000000 8.70720325 2.34164504 1.83210415
35 9 2.48534823 2.36080106 2.48225945 0.94334824
35 10 3.17702789 4.17996717 0.07296905 -0.37732338
35 11 4.28378552 8.29767313 1.15709705 1.15241648
35 12 6.80627255 6.85842265 1.05168112 -2.14157735
35 13 1.74549869 8.72792083 -1.25400053 2.35094613
35 14 1.34460386 3.71195269 -3.13287824 2.71195269
35 15 4.78479907 9.00000000 -1.69375026 1.90775766
35 16 1.65890812 7.44966839 0.88861702 -2.53486892
35 17 5.34855782 4.86383780 0.48470559 -1.59470701
35 18 6.32364321 6.55459011 -0.59021317 1.84838183
35 19 7.03048115 7.37527111 0.48932068 -1.39818757
36 0 1.00000000 4.95090177 -4.41222606 0.12622858
36 1 6.09043869 6.20938257 -3.18142367 0.41210604
36 2 5.26300588 1.00000000 2.00709355 -1.81086860
36 3 7.86495191 3.89983319 1.48564040 2.16325228
36 4 5.57468322 7.97169849 -0.96910437 -1.02830151
36 5 2.46488724 4.05787122 0.73244362 -1.31056341
36 6 5.57345914 7.39294476 0.38696557 2.90649593
36 7 3.91527619 6.33605487 -5.08472381 2.33261346
36 8 6.65835496 8.70720325 -2.34164504 1.83210415
36 9 4.74187455 3.34309347 2.25652632 0.98229241
36 10 3.57593164 3.19702318 1.15652594 -2.39068490
36 11 4.98896491 8.54991039 1.15709705 -1.15241648
36 12 8.48097087 5.10905705 1.67469832 -1.74936560
36 13 1.60037098 6.92113303 -1.25400053 -2.35094613
36 14 3.78827438 4.01025645 3.13287824 2.71195269
36 15 4.78479907 7.09224234 -1.69375026 -1.90775766
36 16 2.22159044 5.52042008 -0.19493987 -0.52150740
36 17 5.83326342 3.26913078 0.48470559 -1.59470701
36 18 5.11041283 8.01076019 -1.21323038 1.45617008
36 19 7.51980183 5.97708354 0.48932068 -1.39818757
37 0 5.41222606 4.95090177 4.41222606 0.12622858
37 1 3.47183849 4.69834326 -2.61860021 -1.51103931
37 2 5.26300588 2.81086860 2.00709355 1.81086860
37 3 7.80702836 3.03312295 -0.05792355 -0.86671024
37 4 4.04275538 8.86654233 -1.53192784 0.89484384
37 5 3.19733086 2.74730781 0.73244362 -1.31056341
37 6 4.32715074 8.32086898 -1.24630840 0.92792422
37 7 1.00000000 7.54890832 -5.25365735 2.18569907
37 8 6.60392663 9.00000000 -0.70837107 3.81067585
37 9 6.99840087 4.32538588 2.25652632 0.98229241
37 10 4.63877112 1.19366172 1.15652594 2.39068490
37 11 5.10731804 9.00000000 0.48340270 1.83835036
37 12 9.00000000 5.31558686 3.21826227 1.28059691
37 13 1.00000000 6.50628774 -1.75792966 -1.21469702
37 14 6.92115262 6.72220914 3.13287824 2.71195269
37 15 3.25998235 5.33139906 -1.52481673 -1.76084328
37 16 2.53057970 3.86266356 0.30898926 -1.65775652
37 17 6.31796901 1.67442377 0.48470559 -1.59470701
37 18 4.57087681 6.47616343 -0.53953602 -1.53459677
37 19 8.00912251 4.57889597 0.48932068 -1.39818757
38 0 7.66672075 5.92804240 2.25449469 0.97714063
38 1 1.00000000 3.86445747 -2.52589141 -0.85212078
38 2 7.27009943 4.62173721 2.00709355 1.81086860
38 3 7.68998408 1.71421146 -0.11704428 -1.31891149
38 4 3.81428253 8.23861383 -1.53192784 -0.89484384
38 5 3.76489821 1.00000000 0.63973482 -1.96948194
38 6 3.41500009 8.75120679 -1.24630840 -0.92792422
38 7 6.25365735 7.54890832 5.25365735 2.18569907
38 8 6.60392663 5.18932415 -0.70837107 -3.81067585
38 9 9.00000000 4.38495893 4.41425769 0.13138036
38 10 4.11978315 3.10463931 -0.51898797 1.91097759
38 11 5.10731804 7.16164964 0.48340270 -1.83835036
38 12 5.78173773 5.31558686 -3.21826227 1.28059691
38 13 2.75792966 6.50628774 1.75792966 -1.21469702
38 14 7.94596914 8.52174788 -3.13287824 2.71195269
38 15 1.73516562 3.57055579 -1.52481673 -1.76084328
38 16 2.83956897 2.20490705 0.30898926 -1.65775652
38 17 7.62460917 1.00000000 2.16021950 -1.11499970
38 18 4.03134079 4.94156666 -0.53953602 -1.53459677
38 19 8.55756392 3.63290966 0.54844141 -0.94598631
39 0 9.00000000 6.83210944 2.46538402 1.67172213
39 1 3.52589141 3.86445747 2.52589141 -0.85212078
39 2 9.00000000 5.69681858 1.79620423 1.11628711
39 3 7.62660274 1.60470004 -0.11704428 1.31891149
39 4 2.28235469 7.34376999 -1.53192784 -0.89484384
39 5 3.76489821 2.96948194 0.63973482 1.96948194
39 6 2.16869169 7.82328257 -1.24630840 -0.92792422
39 7 5.43121965 6.24171343 -0.82243770 -1.30719489
39 8 5.89555556 1.37864829 -0.70837107 -3.81067585
39 9 4.58574231 4.38495893 -4.41425769 0.13138036
39 10 3.76625771 1.57899838 -0.35352544 -1.52564093
39 11 4.27146820 9.00000000 -0.95773905 2.10643089
39 12 4.00461721 2.65140252 -1.77712052 -2.66418434
39 13 4.51585932 5.29159073 1.75792966 -1.21469702
39 14 8.17282401 9.00000000 2.94321681 6.20484665
39 15 1.78965110 2.72159380 1.52481673 -1.76084328
39 16 3.06415161 1.45284947 0.30898926 1.65775652
39 17 7.62460917 2.11499970 2.16021950 1.11499970
39 18 3.32634223 6.84358842 -0.70499856 1.90202176
39 19 8.89399466 2.86976803 -0.54844141 -0.94598631
40 0 6.53461598 6.83210944 -2.46538402 1.67172213
40 1 1.27564405 1.00000000 -2.67650138 -3.40705849
40 2 7.20379577 5.69681858 -1.79620423 1.11628711
40 3 7.51038982 2.71080646 -0.11621292 1.10610642
40 4 1.00000000 6.50241044 -1.50930920 -0.99026557
40 5 4.40463303 4.93896388 0.63973482 1.96948194
40 6 1.00000000 7.05654129 -1.26892704 -0.83250249
40 7 5.89711526 6.27177850 0.46589561 0.03006507
40 8 5.82516818 4.43202756 -0.70837107 3.81067585
40 9 5.37387742 7.07127700 0.78813510 2.68631807
40 10 3.63469741 1.00000000 -0.66169040 -2.91210708
40 11 4.27146820 6.89356911 -0.95773905 -2.10643089
40 12 2.53566164 1.37368432 -1.46895556 -1.27771820
40 13 4.98545567 2.73963375 0.46959635 -2.55195698
40 14 8.17282401 2.79515335 2.94321681 -6.20484665
40 15 1.00000000 3.26643941 -0.79513118 0.54862677
40 16 4.89089411 1.00000000 2.62893717 -0.65171353
40 17 9.00000000 2.96072562 2.15938814 1.32780477
40 18 2.62134367 8.74561018 -0.70499856 1.90202176
40 19 8.34555325 1.92378172 -0.54844141 -0.94598631
40 0 6.53461598 6.83210944 -2.46538402 1.67172213 19 14
40 1 1.27564405 1.00000000 -2.67650138 -3.40705849 12 13
40 2 7.20379577 5.69681858 -1.79620423 1.11628711 14 14
40 3 7.51038982 2.71080646 -0.11621292 1.10610642 19 11
40 4 1.00000000 6.50241044 -1.50930920 -0.99026557 17 14
40 5 4.40463303 4.93896388 0.63973482 1.96948194 15 14
40 6 1.00000000 7.05654129 -1.26892704 -0.83250249 16 12
40 7 5.89711526 6.27177850 0.46589561 0.03006507 18 11
40 8 5.82516818 4.43202756 -0.70837107 3.81067585 10 15
40 9 5.37387742 7.07127700 0.78813510 2.68631807 20 14
40 10 3.63469741 1.00000000 -0.66169040 -2.91210708 21 14
40 11 4.27146820 6.89356911 -0.95773905 -2.10643089 18 13
40 12 2.53566164 1.37368432 -1.46895556 -1.27771820 19 12
40 13 4.98545567 2.73963375 0.46959635 -2.55195698 18 14
40 14 8.17282401 2.79515335 2.94321681 -6.20484665 12 15
40 15 1.00000000 3.26643941 -0.79513118 0.54862677 18 15
40 16 4.89089411 1.00000000 2.62893717 -0.65171353 16 12
40 17 9.00000000 2.96072562 2.15938814 1.32780477 15 16
40 18 2.62134367 8.74561018 -0.70499856 1.90202176 14 16
40 19 8.34555325 1.92378172 -0.54844141 -0.94598631 19 11
Thread number:48
