0 0 2.94062639 1.10775660 -1.76831586 -2.49140866
0 1 4.87446437 7.12270213 1.28866935 2.35984942
0 2 5.73063784 4.83022948 1.48291900 -1.39381646
0 3 6.58926904 3.84483289 2.38526313 -1.58121449
0 4 4.01995198 5.33296092 2.49933160 -2.30312165
0 5 7.81976177 4.73608787 2.47093449 2.32121618
0 6 2.15371008 7.40529751 2.48223831 1.87470026
0 7 4.75889617 8.76793040 1.36973985 -1.73779383
0 8 6.44536285 1.21335455 1.83592387 1.76926253
0 9 7.37035350 3.53122082 -2.28561664 -1.71131098
0 10 5.82276397 1.19411489 -1.69474074 1.59359640
0 11 7.87853919 8.60815245 2.10104682 -2.45141202
0 12 6.64339799 1.59000981 -2.44648198 1.77347100
0 13 4.05293600 7.69541980 -2.15776400 1.39586362
0 14 2.79130581 3.47670366 -1.72129228 -1.64342054
0 15 7.20183654 3.26667286 2.04108414 -1.88685028
0 16 7.67302883 2.59554280 -2.16250654 1.61649687
0 17 7.16277254 2.71800284 -1.32582834 -1.77114565
0 18 1.92755901 6.48436244 2.36636045 -2.49725025
0 19 1.22378679 2.18451739 2.05167409 -1.97266619
1 0 2.93930782 1.00000000 0.69884751 -4.07727931
1 1 6.12661321 9.00000000 2.47968825 2.36603093
1 2 5.05788226 6.36268359 -1.23694378 2.29832450
1 3 8.97453217 2.26361840 2.38526313 -1.58121449
1 4 6.51928358 3.02983927 2.49933160 -2.30312165
1 5 9.00000000 5.45705719 2.67636162 -2.42651904
1 6 3.97237344 9.00000000 1.29121941 1.86851875
1 7 6.12863602 7.03013657 1.36973985 -1.73779383
1 8 6.68920026 1.00000000 0.56977079 -1.27488691
1 9 6.22178906 4.71734342 -1.12203916 1.25371426
1 10 2.63966540 1.14925349 -3.20258829 -0.06631665
1 11 9.00000000 8.00480256 1.89561969 2.29632320
1 12 4.67758392 1.00000000 -3.61005946 -1.19155424
1 13 1.89517200 8.90871658 -2.15776400 -1.39586362
1 14 1.07001353 1.83328312 -1.72129228 -1.64342054
1 15 9.00000000 3.74886228 3.30723722 1.15729916
1 16 7.66619687 1.28576910 0.55735624 -2.07564409
1 17 7.32530203 2.58531499 0.18201921 -0.11123260
1 18 4.29391946 3.98711219 2.36636045 -2.49725025
1 19 1.00000000 1.94118842 -0.41548928 -0.38679554
2 0 3.63815533 5.07727931 0.69884751 4.07727931
2 1 8.60630146 6.63396907 2.47968825 -2.36603093
2 2 3.82093848 8.66100809 -1.23694378 2.29832450
2 3 7.11929862 1.00000000 -2.38526313 -1.58121449
2 4 8.46938007 1.66863953 1.90759860 -1.28831713
2 5 6.32363838 3.03053815 -2.67636162 -2.42651904
2 6 5.26359285 7.13148125 1.29121941 -1.86851875
2 7 7.49837587 5.29234274 1.36973985 -1.73779383
2 8 7.25897105 2.27488691 0.56977079 1.27488691
2 9 6.42857666 6.60700220 0.25569080 1.91306267
2 10 2.56292289 1.08293684 3.20258829 -0.06631665
2 11 8.17846239 9.00000000 -1.89561969 2.29632320
2 12 1.06752445 2.19155424 -3.61005946 1.19155424
2 13 2.26259200 7.51285296 2.15776400 -1.39586362
2 14 1.80275383 1.00000000 1.72129228 -1.64342054
2 15 5.69276278 4.90616144 -3.30723722 1.15729916
2 16 7.75705271 1.00000000 1.14908923 -3.09044861
2 17 7.50732124 2.47408239 0.18201921 -0.11123260
2 18 5.28570084 1.00000000 0.98863049 -3.15659866
2 19 1.41548928 1.55439289 0.41548928 -0.38679554
3 0 1.11980940 9.00000000 -2.93999011 4.47952543
3 1 6.91401029 4.26793813 -2.47968825 -2.36603093
3 2 2.58399470 7.04066741 -1.23694378 -2.29832450
3 3 4.73403549 2.58121449 -2.38526313 1.58121449
3 4 8.54057190 1.00000000 -1.90759860 -1.28831713
3 5 6.97312132 2.81324273 2.49053184 1.00563870
3 6 6.55481225 5.26296251 1.29121941 -1.86851875
3 7 9.00000000 5.08069979 2.08162273 0.86070028
3 8 7.37407438 1.89015997 -0.14211210 -1.32360720
3 9 6.68426746 8.52006487 0.25569080 1.91306267
3 10 3.67075818 1.00000000 -1.96430516 -3.49847439
3 11 6.28284270 6.70367680 -1.89561969 -2.29632320
3 12 4.54253501 3.38310848 3.61005946 1.19155424
3 13 4.42035600 6.11698934 2.15776400 -1.39586362
3 14 3.52404611 2.64342054 1.72129228 1.64342054
3 15 5.96376298 5.66791338 0.33160039 0.75505305
3 16 8.90614194 4.09044861 1.14908923 3.09044861
3 17 7.68934046 2.36284979 0.18201921 -0.11123260
3 18 6.27433134 4.15659866 0.98863049 3.15659866
3 19 1.83097855 1.16759735 0.41548928 -0.38679554
4 0 1.00000000 8.81745202 -2.93999011 -4.47952543
4 1 4.10890291 2.51236008 -2.82668226 -1.71510579
4 2 1.00000000 5.40571610 -3.61979609 0.54753328
4 3 2.93443945 3.46296252 -0.00241082 -1.26464329
4 4 6.63297330 2.28831713 -1.90759860 1.28831713
4 5 9.00000000 2.44164960 3.24844483 -1.19419076
4 6 7.23547430 5.16657603 0.53330642 0.33131071
4 7 6.91837727 5.94140007 -2.08162273 0.86070028
4 8 7.23196228 1.43344723 -0.14211210 1.32360720
4 9 6.93995826 7.56687246 0.25569080 -1.91306267
4 10 1.70645302 4.49847439 -1.96430516 3.49847439
4 11 3.73639751 8.81405374 -2.62220101 2.62331499
4 12 8.56088328 3.23439813 4.20800716 -0.77129192
4 13 6.16983119 6.06139032 1.55981631 0.56698254
4 14 5.24533839 4.28684108 1.72129228 1.64342054
4 15 6.29536337 6.42296643 0.33160039 0.75505305
4 16 7.94476882 7.18089722 -1.14908923 3.09044861
4 17 8.19677880 1.64116430 0.52901322 -0.76215775
4 18 7.91378733 2.90649718 1.71521181 -1.76303953
4 19 2.24646783 1.21919819 0.41548928 0.38679554
5 0 3.93999011 4.33792659 2.93999011 -4.47952543
5 1 4.22568365 2.85958748 0.33572906 0.50063323
5 2 4.61979609 5.95324938 3.61979609 0.54753328
5 3 2.93202863 2.19831924 -0.00241082 -1.26464329
5 4 4.72537469 3.57663425 -1.90759860 1.28831713
5 5 5.75155517 1.24745884 -3.24844483 -1.19419076
5 6 8.07339069 3.77814925 0.91030537 -1.79711351
5 7 4.83675453 6.80210035 -2.08162273 0.86070028
5 8 7.08985018 2.75705442 -0.14211210 1.32360720
5 9 6.89103909 7.37354728 -0.12130815 0.21536155
5 10 2.25785215 7.99694878 1.96430516 3.49847439
5 11 1.11419650 6.56263128 -2.62220101 -2.62331499
5 12 5.23110956 2.46310621 -4.20800716 -0.77129192
5 13 8.20488957 7.54023723 2.03548716 1.47966963
5 14 6.49138860 5.01839725 1.24562143 0.73073345
5 15 6.62696376 7.17801948 0.33160039 0.75505305
5 16 6.79567959 7.72865417 -1.14908923 -3.09044861
5 17 8.72579202 1.12099345 0.52901322 0.76215775
5 18 8.37100086 1.14345764 -1.71521181 -1.76303953
5 19 1.90579569 1.00000000 -2.74692205 -1.82894347
6 0 3.58832048 5.50296448 -0.48766646 1.39824628
6 1 4.56141271 3.36022070 0.33572906 0.50063323
6 2 6.38166969 7.47285945 1.68061169 1.56212681
6 3 2.92961781 1.06632405 -0.00241082 1.26464329
6 4 2.81777609 4.86495138 -1.90759860 1.28831713
6 5 2.50311035 1.94673192 -3.24844483 1.19419076
6 6 8.48600080 3.74429275 0.21309697 0.67298752
6 7 2.75513180 7.66280063 -2.08162273 0.86070028
6 8 7.38798664 3.35596683 1.54511013 -1.45373561
6 9 6.76973093 7.58890883 -0.12130815 0.21536155
6 10 4.22215731 6.50457683 1.96430516 -3.49847439
6 11 3.50800451 3.93931629 2.62220101 -2.62331499
6 12 4.89602905 1.00000000 -0.78035059 -6.64906363
6 13 7.78700787 9.00000000 -2.03548716 1.47966963
6 14 9.00000000 4.83007994 3.18480583 -0.28386008
6 15 6.95856416 7.93307253 0.33160039 0.75505305
6 16 5.20634180 5.36290035 -2.83631147 -0.31310580
6 17 9.00000000 1.16801483 1.22622163 -1.70794328
6 18 6.65578905 2.61958189 -1.71521181 1.76303953
6 19 1.00000000 1.60309288 -2.74692205 1.82894347
7 0 3.10065402 6.90121076 -0.48766646 1.39824628
7 1 4.58812776 2.49667934 0.00557799 -0.95685307
7 2 8.06228138 8.96501374 1.68061169 -1.56212681
7 3 2.92720699 2.33096734 -0.00241082 1.26464329
7 4 1.08982251 6.15326850 1.90759860 1.28831713
7 5 2.74533448 3.14092268 3.24844483 1.19419076
7 6 8.69909777 4.41728027 0.21309697 0.67298752
7 7 1.32649094 8.52350091 2.08162273 0.86070028
7 8 8.93309677 1.90223122 1.54511013 -1.45373561
7 9 6.64842278 7.80427038 -0.12130815 0.21536155
7 10 6.18646247 3.00610245 1.96430516 -3.49847439
7 11 2.71940111 1.57780922 -2.02452359 -2.26663980
7 12 4.11567847 7.64906363 -0.78035059 6.64906363
7 13 5.75152072 7.52033037 -2.03548716 -1.47966963
7 14 5.81519417 4.54621986 -3.18480583 -0.28386008
7 15 7.29016455 8.68812558 0.33160039 0.75505305
7 16 2.67904435 6.41396914 -2.50616040 1.14438050
7 17 8.87937338 1.00000000 -1.22622163 -1.70794328
7 18 8.35138164 4.12081350 2.93151278 1.40636434
7 19 3.74692205 3.43203635 2.74692205 1.82894347
8 0 4.44860979 9.00000000 1.52760785 2.22009793
8 1 4.59370575 1.53982627 0.00557799 -0.95685307
8 2 8.25710693 7.40288693 -1.68061169 -1.56212681
8 3 2.92479617 3.59561062 -0.00241082 1.26464329
8 4 1.11584546 6.67425780 -0.10767571 0.46646547
8 5 5.99377931 4.33511344 3.24844483 1.19419076
8 6 8.91219474 5.09026779 0.21309697 0.67298752
8 7 3.40811367 8.61579881 2.08162273 -0.86070028
8 8 8.10796229 1.00000000 -1.54511013 -1.45373561
8 9 6.52711463 8.01963192 -0.12130815 0.21536155
8 10 8.15076764 2.49237194 1.96430516 3.49847439
8 11 1.00000000 2.34721799 -2.02452359 2.26663980
8 12 3.33532788 3.70187275 -0.78035059 -6.64906363
8 13 3.71603356 6.04066075 -2.03548716 -1.47966963
8 14 7.70268502 7.17283121 2.18971635 2.80002760
8 15 7.62176495 8.55682138 0.33160039 -0.75505305
8 16 1.82711605 7.55834964 2.50616040 1.14438050
8 17 7.65315176 2.70794328 -1.22622163 1.70794328
8 18 6.71710558 5.52717785 -2.93151278 1.40636434
8 19 1.42154741 2.35050840 -2.62760014 -1.25494420
9 0 5.97621765 6.77990207 1.52760785 -2.22009793
9 1 4.88257590 1.00000000 2.48164961 -3.65008864
9 2 6.57649525 5.84076012 -1.68061169 -1.56212681
9 3 2.37591639 2.36163337 -0.66802497 -1.77874491
9 4 1.00816975 7.14072327 -0.10767571 0.46646547
9 5 7.48969559 7.77901188 1.30946225 3.68324808
9 6 9.00000000 5.43075702 0.78592053 3.72000464
9 7 4.39403795 7.78210139 -0.14647385 -0.80579012
9 8 6.56285215 2.45373561 -1.54511013 1.45373561
9 9 7.50150493 8.20799061 2.10678843 0.16045138
9 10 9.00000000 3.40821309 1.39148161 0.45145727
9 11 3.02452359 4.61385779 2.02452359 2.26663980
9 12 1.67981949 1.00000000 -3.25642220 -3.95582806
9 13 2.22701537 7.05961166 -1.36987300 1.56371857
9 14 8.86840714 9.00000000 -2.18971635 2.80002760
9 15 7.95336534 7.80176833 0.33160039 -0.75505305
9 16 3.98061227 9.00000000 1.54519152 3.35362467
9 17 8.17945867 2.16617888 0.71276095 -0.78111404
9 18 4.02336376 6.38691249 -1.97054391 -0.80287982
9 19 3.20605272 1.09556420 2.62760014 -1.25494420
10 0 7.50382550 4.55980413 1.52760785 -2.22009793
10 1 7.36422551 4.65008864 2.48164961 3.65008864
10 2 4.85628927 5.90413176 -1.75394888 1.44864867
10 3 1.70789141 1.41711153 -0.66802497 1.77874491
10 4 1.09950595 7.60718874 0.10767571 0.46646547
10 5 8.79915785 6.53774004 1.30946225 -3.68324808
10 6 8.24593070 9.00000000 -0.78592053 3.72000464
10 7 4.24756410 6.97631127 -0.14647385 -0.80579012
10 8 5.05733630 2.28197277 -1.47177294 -1.55703987
10 9 8.39170664 8.36844199 -2.10678843 0.16045138
10 10 7.60851839 3.85967036 -1.39148161 0.45145727
10 11 2.82839607 2.86876003 -0.21307165 -1.77570834
10 12 1.00000000 1.82582935 -3.25642220 3.95582806
10 13 1.14285764 8.62333023 1.36987300 1.56371857
10 14 6.67869078 6.19997240 -2.18971635 -2.80002760
10 15 8.28496573 7.04671528 0.33160039 -0.75505305
10 16 5.52580380 5.64637533 1.54519152 -3.35362467
10 17 8.89221962 1.38506484 0.71276095 -0.78111404
10 18 4.22435758 9.00000000 0.26705133 3.23946832
10 19 5.83365286 2.15938000 2.62760014 1.25494420
11 0 8.96856665 2.33970620 -1.52760785 -2.22009793
11 1 9.00000000 6.04268199 3.89478286 3.13866915
11 2 3.10234039 7.35278043 -1.75394888 1.44864867
11 3 1.03986644 3.19585644 -0.66802497 1.77874491
11 4 1.20718166 8.07365422 0.10767571 0.46646547
11 5 7.89137990 2.85449197 -1.30946225 -3.68324808
11 6 7.46001017 5.27999536 -0.78592053 -3.72000464
11 7 4.10109025 6.17052116 -0.14647385 -0.80579012
11 8 4.58644704 1.00000000 -0.24662965 -1.89673759
11 9 6.28491821 8.52889338 -2.10678843 0.16045138
11 10 7.82816131 6.41692206 0.48024452 2.89786683
11 11 1.68379198 1.35133939 -1.43821494 -1.43601062
11 12 4.25642220 5.78165740 3.25642220 3.95582806
11 13 2.51273064 7.81295120 1.36987300 -1.56371857
11 14 4.48897443 3.39994481 -2.18971635 -2.80002760
11 15 8.61656613 6.29166223 0.33160039 -0.75505305
11 16 5.72155610 2.78111900 0.13205828 -2.84220517
11 17 8.75641147 1.00000000 -0.71276095 -0.78111404
11 18 4.49140891 5.76053168 0.26705133 -3.23946832
11 19 6.85012847 1.30852978 0.75587401 -1.19146536
12 0 9.00000000 1.63788877 0.71703384 -1.11273569
12 1 5.33025625 9.00000000 -3.89478286 3.13866915
12 2 3.27609483 8.07191192 0.19959368 0.70935293
12 3 1.62815854 4.97460135 0.66802497 1.77874491
12 4 1.00000000 8.21609008 -1.84586685 1.20576121
12 5 7.78337108 1.00000000 0.12096702 -3.70170674
12 6 6.67408964 1.55999071 -0.78592053 -3.72000464
12 7 4.80101511 4.39586464 0.88539214 -1.98695956
12 8 4.33981739 2.89673759 -0.24662965 1.89673759
12 9 5.78701518 9.00000000 0.00300277 5.29314462
12 10 8.30840583 8.68521112 0.48024452 -2.89786683
12 11 1.00000000 1.33140456 -1.43821494 1.43601062
12 12 5.90191196 5.81841421 1.14663100 -1.17686518
12 13 3.03620493 7.21809904 0.33800701 -0.38254913
12 14 2.29925808 1.40008279 -2.18971635 2.80002760
12 15 8.94816652 5.53660918 0.33160039 -0.75505305
12 16 5.07227303 1.00000000 -1.29837100 -2.82374650
12 17 8.04365053 1.78111404 -0.71276095 0.78111404
12 18 4.75846024 2.52106336 0.26705133 -3.23946832
12 19 6.86760587 1.00000000 -1.48876768 -2.29882760
13 0 8.58895195 1.00000000 -0.71703384 -1.11273569
13 1 1.43547339 5.86133085 -3.89478286 -3.13866915
13 2 3.47568851 8.78126485 0.19959368 0.70935293
13 3 1.49288666 5.81147637 -0.53804897 0.36461671
13 4 2.20006626 9.00000000 1.84586685 1.20576121
13 5 7.90433810 4.70170674 0.12096702 3.70170674
13 6 5.88816912 4.16001393 -0.78592053 3.72000464
13 7 5.27656726 2.49134861 -1.18577664 -1.57032263
13 8 4.09318774 4.79347518 -0.24662965 1.89673759
13 9 5.79001795 3.70685538 0.00300277 -5.29314462
13 10 8.78865035 5.78734429 0.48024452 -2.89786683
13 11 2.43821494 2.76741517 1.43821494 1.43601062
13 12 7.04854296 4.64154903 1.14663100 -1.17686518
13 13 4.17750879 7.77741980 1.54408095 1.03157907
13 14 1.89045828 4.20011039 2.18971635 2.80002760
13 15 8.72023308 4.78155613 -0.33160039 -0.75505305
13 16 3.77390203 3.82374650 -1.29837100 2.82374650
13 17 7.74072956 2.47978454 1.35840784 0.36447711
13 18 5.02551156 2.71840496 0.26705133 3.23946832
13 19 5.37883819 3.29882760 -1.48876768 2.29882760
14 0 7.87191811 2.11273569 -0.71703384 1.11273569
14 1 4.45930946 2.72266170 3.89478286 -3.13866915
14 2 3.67528219 8.50938221 0.19959368 -0.70935293
14 3 1.00000000 6.09795220 -2.00137312 0.89912057
14 4 4.04593311 7.79423879 1.84586685 -1.20576121
14 5 8.02530512 8.40341349 0.12096702 3.70170674
14 6 5.27231555 6.72160270 -0.35040088 0.75345032
14 7 4.09079062 1.07897402 -1.18577664 1.57032263
14 8 6.07793914 7.26036098 2.25706033 2.53646444
14 9 5.79302072 3.58628924 0.00300277 5.29314462
14 10 9.00000000 5.39825959 1.73186687 -2.12662611
14 11 2.62981749 3.60377688 -0.60172573 0.45475275
14 12 7.01380708 2.73673405 -0.10499135 -1.94810590
14 13 5.28328798 9.00000000 1.10856131 3.99813339
14 14 1.84879358 6.42998978 -0.31397362 2.16030075
14 15 8.61384391 5.00766398 -0.00290563 0.67694684
14 16 3.16436431 6.39588502 0.16495315 2.28924265
14 17 8.87392618 1.86310075 1.02971307 -1.06752277
14 18 5.29256289 5.95787328 0.26705133 3.23946832
14 19 5.13668290 6.19730412 0.55117298 3.28008547
15 0 7.15488427 3.22547138 -0.71703384 1.11273569
15 1 5.02036967 1.00000000 0.03562428 -3.49049798
15 2 3.92809516 9.00000000 0.94072490 2.08336869
15 3 3.00137312 6.99707276 2.00137312 0.89912057
15 4 3.72287937 9.00000000 -0.80423825 2.46633154
15 5 8.14627215 5.89487977 0.12096702 -3.70170674
15 6 4.45870429 9.00000000 -1.64835476 4.75789258
15 7 3.08115051 2.35808591 -0.53532474 0.49491487
15 8 8.33499947 8.20317458 2.25706033 -2.53646444
15 9 6.74151670 5.96240190 1.30095665 1.28870236
15 10 7.26813313 3.27163347 -1.73186687 -2.12662611
15 11 1.85195523 4.34974038 -1.25217764 1.53016052
15 12 9.00000000 1.61182768 3.75416723 -1.59627706
15 13 6.39184928 5.00186661 1.10856131 -3.99813339
15 14 1.53481996 8.59029053 -0.31397362 2.16030075
15 15 8.61093828 5.68461082 -0.00290563 0.67694684
15 16 2.63277609 6.06042899 -0.57617807 -0.50347897
15 17 8.29354252 1.00000000 -1.02971307 -1.06752277
15 18 8.08178404 5.70252114 2.91715643 -0.43262443
15 19 5.68785588 8.52261041 0.55117298 -3.28008547
16 0 4.87474785 2.18299908 -2.71633497 -1.64390344
16 1 5.05599394 4.49049798 0.03562428 3.49049798
16 2 4.86882006 6.91663131 0.94072490 -2.08336869
16 3 5.00274624 7.89619333 2.00137312 0.89912057
16 4 2.91864113 6.53366846 -0.80423825 -2.46633154
16 5 9.00000000 4.71848942 2.12026816 -0.94506761
16 6 2.81034953 4.24210742 -1.64835476 -4.75789258
16 7 2.54582577 2.85300077 -0.53532474 0.49491487
16 8 9.00000000 7.86324680 2.39723175 0.56859774
16 9 9.00000000 5.47553710 3.22825610 -1.23841518
16 10 5.53626626 1.14500736 -1.73186687 -2.12662611
16 11 1.40022241 5.87990090 1.25217764 1.53016052
16 12 7.56108726 1.00000000 -3.75416723 -1.59627706
16 13 7.50041059 1.00373321 1.10856131 -3.99813339
16 14 1.22084633 7.24940872 -0.31397362 -2.16030075
16 15 8.49057013 3.75954058 -0.14307706 -2.42811534
16 16 2.05659802 5.55695002 -0.57617807 -0.50347897
16 17 7.26382944 2.06752277 -1.02971307 1.06752277
16 18 7.00105953 5.26989671 -2.91715643 -0.43262443
16 19 4.72087858 7.23315707 -1.37612646 -0.75296793
17 0 3.85876089 1.00000000 -0.55600208 -2.94715276
17 1 1.30893425 6.59177420 -3.83578510 2.06869109
17 2 5.80954496 4.83326262 0.94072490 -2.08336869
17 3 7.00411935 8.79531390 2.00137312 0.89912057
17 4 2.25391721 5.33319826 -0.47856001 0.48865866
17 5 6.87973184 3.77342181 -2.12026816 -0.94506761
17 6 1.00000000 1.52501288 -3.80868765 -3.45464327
17 7 1.87098670 2.08205430 -0.86100297 -2.46007533
17 8 6.60276825 8.43184454 -2.39723175 0.56859774
17 9 5.77174390 4.23712193 -3.22825610 -1.23841518
17 10 3.80439939 2.98161875 -1.73186687 2.12662611
17 11 1.25638016 7.27149448 -1.57489347 1.24954949
17 12 3.80692003 2.59627706 -3.75416723 1.59627706
17 13 8.60897190 4.99440018 1.10856131 3.99813339
17 14 1.09312729 5.08910797 0.31397362 -2.16030075
17 15 9.00000000 3.33972394 1.21503362 -0.75939742
17 16 1.48041995 5.05347105 -0.57617807 -0.50347897
17 17 4.93071897 1.53355414 -2.38782375 -0.60119514
17 18 7.86658708 6.22649404 0.95425295 0.98918247
17 19 4.74077200 6.61875608 1.45094465 -0.47235690
18 0 3.30275881 3.94715276 -0.55600208 2.94715276
18 1 4.52685085 8.66046529 3.83578510 2.06869109
18 2 6.75026986 2.74989393 0.94072490 -2.08336869
18 3 9.00000000 8.30803304 2.00137312 -0.89912057
18 4 1.77535720 5.82185692 -0.47856001 0.48865866
18 5 4.75946368 2.82835420 -2.12026816 -0.94506761
18 6 1.57881811 1.00000000 3.80868765 -3.45464327
18 7 1.00000000 1.07946222 -2.53675982 -2.91253968
18 8 4.20553650 8.99955772 -2.39723175 -0.56859774
18 9 4.79116377 4.09276970 -0.69429137 -0.00500032
18 10 1.00000000 3.76812172 -4.26583159 0.89321126
18 11 2.31851331 8.52104397 1.57489347 1.24954949
18 12 1.72556837 4.64422431 -2.07841038 2.04874141
18 13 8.28246680 8.99253357 -1.10856131 3.99813339
18 14 1.40710092 2.92880722 0.31397362 -2.16030075
18 15 7.78496638 2.58032652 -1.21503362 -0.75939742
18 16 1.09575812 4.54999208 0.57617807 -0.50347897
18 17 2.54289522 1.06764101 -2.38782375 0.60119514
18 18 8.82084003 7.21567651 0.95425295 0.98918247
18 19 6.19171664 6.14639918 1.45094465 -0.47235690
19 0 3.63111961 6.90698821 0.52646974 2.96267655
19 1 8.36263595 7.27084362 3.83578510 -2.06869109
19 2 7.69099476 1.33347476 0.94072490 2.08336869
19 3 6.99862688 7.40891247 -2.00137312 -0.89912057
19 4 1.29679718 6.31051558 -0.47856001 0.48865866
19 5 2.63919552 1.88328659 -2.12026816 -0.94506761
19 6 5.38750576 4.45464327 3.80868765 3.45464327
19 7 1.06920990 1.00000000 2.53675982 -2.91253968
19 8 1.80830474 8.43095998 -2.39723175 -0.56859774
19 9 4.09687240 4.08776938 -0.69429137 -0.00500032
19 10 5.26583159 4.66133297 4.26583159 0.89321126
19 11 3.89340679 8.22940654 1.57489347 -1.24954949
19 12 2.35284201 6.69296571 2.07841038 2.04874141
19 13 7.17390549 5.00933303 -1.10856131 -3.99813339
19 14 1.00000000 3.11464435 -1.57021946 1.07705412
19 15 6.56993275 1.82092910 -1.21503362 -0.75939742
19 16 1.00000000 4.25158945 -0.50629375 -0.51900276
19 17 2.40978362 1.00000000 -0.50363067 -2.63615972
19 18 8.22490702 8.20485897 -0.95425295 0.98918247
19 19 7.64266129 5.67404228 1.45094465 -0.47235690
20 0 4.15758935 8.13033525 0.52646974 -2.96267655
20 1 5.80157895 5.20215253 -3.83578510 -2.06869109
20 2 9.00000000 1.81801379 3.11713460 -0.73529822
20 3 4.99725376 6.50979190 -2.00137312 -0.89912057
20 4 1.00000000 6.08510541 -0.64857790 -0.79941026
20 5 1.34246632 1.00000000 2.12026816 -0.94506761
20 6 6.39872874 6.98626173 0.51392143 2.36753358
20 7 3.60596971 3.91253968 2.53675982 2.91253968
20 8 1.00000000 8.51723001 -2.22721386 0.71947118
20 9 3.40258103 4.08276906 -0.69429137 -0.00500032
20 10 8.46833681 5.55454423 -4.26583159 0.89321126
20 11 7.25929311 8.54306714 3.49469309 0.42608541
20 12 2.64025954 7.17849704 0.15861076 0.37310651
20 13 4.63790680 2.85987295 -3.28497100 -1.17946648
20 14 2.57021946 4.19169847 1.57021946 1.07705412
20 15 5.35489913 1.06153167 -1.21503362 -0.75939742
20 16 1.50629375 3.73258669 0.50629375 -0.51900276
20 17 1.90615295 3.63615972 -0.50363067 2.63615972
20 18 7.27065407 8.80595856 -0.95425295 -0.98918247
20 19 9.00000000 5.75020492 4.74571087 0.61475279
21 0 1.96920061 6.07452742 -4.94349825 -1.13549369
21 1 8.50423133 6.65971120 3.18201980 1.71608669
21 2 5.88286540 1.08271557 -3.11713460 -0.73529822
21 3 3.68105589 5.18417991 -1.01533606 -1.51288522
21 4 1.64857790 5.28569515 0.64857790 -0.79941026
21 5 3.46273448 1.94506761 2.12026816 0.94506761
21 6 5.33713281 6.06830420 -1.06929607 -0.93401493
21 7 1.00000000 3.57050498 -4.48104508 -0.87223810
21 8 2.49447544 9.00000000 2.22721386 0.71947118
21 9 2.70828965 4.07776873 -0.69429137 -0.00500032
21 10 6.91736369 5.54088677 1.20413639 -0.93397160
21 11 7.24601380 8.96915255 -3.49469309 0.42608541
21 12 2.11369505 7.97809497 -0.82742630 0.98687116
21 13 2.83548601 1.00000000 -1.01391471 -2.73643680
21 14 4.14043891 5.26875259 1.57021946 1.07705412
21 15 4.13986551 1.69786575 -1.21503362 0.75939742
21 16 1.00000000 3.94389272 -1.76476255 1.03796756
21 17 1.40252227 6.27231945 -0.50363067 2.63615972
21 18 7.32010091 9.00000000 0.62896455 2.31236605
21 19 4.25428913 6.36495770 -4.74571087 0.61475279
22 0 4.97429764 4.93903373 4.94349825 -1.13549369
22 1 6.31374887 8.37579789 -3.18201980 1.71608669
22 2 2.76573081 1.65258265 -3.11713460 0.73529822
22 3 4.24743739 3.57867864 0.60125839 -1.60754346
22 4 1.00000000 4.78607246 -0.96801655 -0.70475203
22 5 5.58300264 2.89013522 2.12026816 0.94506761
22 6 4.26783674 5.13428926 -1.06929607 -0.93401493
22 7 5.48104508 2.69826688 4.48104508 -0.87223810
22 8 4.72168931 8.28052882 2.22721386 -0.71947118
22 9 1.94178238 4.19902794 -1.15209067 0.79539852
22 10 8.12150008 4.60691517 1.20413639 -0.93397160
22 11 3.75132070 8.60476204 -3.49469309 -0.42608541
22 12 1.28626875 8.96496613 -0.82742630 0.98687116
22 13 1.82157130 3.73643680 -1.01391471 2.73643680
22 14 5.71065837 6.34580670 1.57021946 1.07705412
22 15 2.99704779 2.33100365 -0.75723432 -0.04100142
22 16 2.76476255 4.98186028 1.76476255 1.03796756
22 17 1.00000000 7.04425272 -4.30794634 3.26463775
22 18 7.94906546 6.68763395 0.62896455 -2.31236605
22 19 2.52504049 6.48138690 -0.94139521 -0.01372524
23 0 9.00000000 6.17115137 4.31678555 1.47283325
23 1 3.13172907 7.90811542 -3.18201980 -1.71608669
23 2 2.35140379 2.38788087 3.11713460 0.73529822
23 3 4.84869578 1.97113518 0.60125839 -1.60754346
23 4 1.96801655 4.08132044 0.96801655 -0.70475203
23 5 8.29858257 1.35756397 2.74698086 -1.66325933
23 6 3.19854067 4.20027433 -1.06929607 -0.93401493
23 7 8.03790984 1.82602877 -4.48104508 -0.87223810
23 8 6.02593911 9.00000000 1.34635205 0.95961126
23 9 1.21030829 4.99442647 1.15209067 0.79539852
23 10 9.00000000 3.21437398 1.34219780 -2.23678338
23 11 1.74337239 8.17867663 3.49469309 -0.42608541
23 12 1.00000000 8.69360119 -0.82742630 -0.98687116
23 13 1.00000000 4.70962298 -1.93533300 0.37392712
23 14 8.08150393 5.89672219 2.45108127 -0.60202832
23 15 2.23981346 2.29000222 -0.75723432 -0.04100142
23 16 4.52952510 6.01982783 1.76476255 1.03796756
23 17 3.58076239 9.00000000 4.30794634 3.26463775
23 18 8.44916890 5.59126135 0.49090314 -1.00955426
23 19 2.20967376 8.07279404 -0.01997692 2.34878444
24 0 4.68321445 7.64398462 -4.31678555 1.47283325
24 1 1.00000000 7.75320844 -2.70376269 1.38924474
24 2 3.42221473 1.00000000 1.72735370 -2.24024182
24 3 3.40257947 1.00000000 -4.47020408 -1.67595067
24 4 2.93603309 3.37656841 0.96801655 -0.70475203
24 5 9.00000000 1.06713469 2.74698086 1.66325933
24 6 3.51877050 6.24125349 0.32048482 2.04152511
24 7 7.44146834 1.00618876 0.59041739 -0.80383088
24 8 7.37229116 8.04038874 1.34635205 -0.95961126
24 9 2.06257189 3.84304277 0.67383356 -2.30993290
24 10 7.67124913 1.00000000 -1.34219780 -2.23678338
24 11 4.64094833 8.18457109 1.66382434 0.89844269
24 12 1.82742630 7.70673003 0.82742630 -0.98687116
24 13 2.93533300 5.08355011 1.93533300 0.37392712
24 14 7.46741480 5.29469387 -2.45108127 -0.60202832
24 15 1.48257914 2.24900080 -0.75723432 -0.04100142
24 16 6.89140480 6.62581552 3.59563130 -0.28656054
24 17 7.88870873 5.73536225 4.30794634 -3.26463775
24 18 8.94007205 4.58170708 0.49090314 -1.00955426
24 19 2.18969684 7.57842152 -0.01997692 -2.34878444
25 0 3.38717282 9.00000000 -1.44573894 2.34494009
25 1 3.42651882 9.00000000 2.70376269 1.38924474
25 2 5.14956844 3.24024182 1.72735370 2.24024182
25 3 1.00000000 1.90076529 -4.47020408 1.67595067
25 4 3.90404964 2.67181638 0.96801655 -0.70475203
25 5 6.25301914 2.73039402 -2.74698086 1.66325933
25 6 5.41723186 7.17746051 2.08362519 0.80650615
25 7 8.03188572 1.79764213 0.59041739 0.80383088
25 8 8.71864322 7.08077749 1.34635205 -0.95961126
25 9 2.73640544 1.53310987 0.67383356 -2.30993290
25 10 6.32905133 3.23678338 -1.34219780 2.23678338
25 11 6.30477267 8.91698623 1.66382434 -0.89844269
25 12 1.07687606 7.82517695 -0.93571407 0.24814780
25 13 3.17942714 5.76649211 -2.13681170 1.11796945
25 14 6.70757240 4.38365067 1.62106344 -1.34607065
25 15 1.27465519 2.20799938 0.75723432 -0.04100142
25 16 7.51296390 6.33925497 -3.59563130 -0.28656054
25 17 5.80334494 2.47072450 -4.30794634 -3.26463775
25 18 8.56902481 3.57215282 -0.49090314 -1.00955426
25 19 1.00000000 5.93901339 -2.89102352 -3.22089127
26 0 1.94143388 6.65505991 -1.44573894 -2.34494009
26 1 6.13028151 7.61075526 2.70376269 -1.38924474
26 2 6.87692214 5.48048365 1.72735370 2.24024182
26 3 5.47020408 3.57671596 4.47020408 1.67595067
26 4 1.91157624 1.52562774 -2.32076687 -1.19514025
26 5 6.46652823 4.83508995 0.54180256 2.15364755
26 6 4.27995757 9.00000000 -2.01339957 2.86403526
26 7 8.62230311 2.60147301 0.59041739 0.80383088
26 8 7.93500473 6.12116623 -1.34635205 -0.95961126
26 9 3.41023900 2.77682303 0.67383356 2.30993290
26 10 4.98685353 5.47356677 -1.34219780 2.23678338
26 11 7.96859701 8.01854354 1.66382434 -0.89844269
26 12 1.85883801 8.07332475 0.93571407 0.24814780
26 13 1.04261544 6.88446156 -2.13681170 1.11796945
26 14 6.46396112 3.85929781 -0.27164283 -0.51200003
26 15 2.03188951 2.16699796 0.75723432 -0.04100142
26 16 7.79183829 4.10691457 0.50139346 -2.34408966
26 17 1.49539860 2.79391325 -4.30794634 3.26463775
26 18 9.00000000 2.98082871 1.40180312 -1.84362488
26 19 3.89102352 2.71812212 2.89102352 -3.22089127
27 0 1.50430507 4.31011983 1.44573894 -2.34494009
27 1 7.31200193 9.00000000 1.43114018 2.13322369
27 2 9.00000000 4.77761696 2.99997620 -1.28222660
27 3 5.98009886 4.86512516 0.14938254 1.25313078
27 4 1.10910686 1.00000000 2.32076687 -1.19514025
27 5 7.00833079 6.98873750 0.54180256 2.15364755
27 6 2.26655801 6.13596474 -2.01339957 -2.86403526
27 7 8.78727950 3.40530390 -0.59041739 0.80383088
27 8 6.63500660 5.30577824 -1.11533433 -0.24083429
27 9 4.08407256 5.08675593 0.67383356 2.30993290
27 10 4.39348253 7.11912320 1.02818926 0.36527355
27 11 8.36757865 7.12010085 -1.66382434 -0.89844269
27 12 2.04572529 8.91269949 -1.43467299 2.11965763
27 13 3.09419626 8.00243101 2.13681170 1.11796945
27 14 6.14596437 3.20307451 -0.50266055 -1.23077700
27 15 2.78912383 2.12599654 0.75723432 -0.04100142
27 16 9.00000000 3.44664414 4.82221500 -1.92126976
27 17 4.81254774 6.05855100 4.30794634 3.26463775
27 18 7.59819688 1.13720382 -1.40180312 -1.84362488
27 19 6.78204705 2.50276915 2.89102352 3.22089127
28 0 1.95726561 3.42241550 0.15543809 -0.45099020
28 1 8.74314212 6.86677631 1.43114018 -2.13322369
28 2 6.00002380 3.49539036 -2.99997620 -1.28222660
28 3 4.97440589 5.17807637 -1.99464273 -0.49200945
28 4 3.42987373 2.19514025 2.32076687 1.19514025
28 5 9.00000000 8.97838333 4.08975098 3.74968129
28 6 1.74684156 3.27192947 2.01339957 -2.86403526
28 7 9.00000000 3.62579022 3.22637363 2.43731278
28 8 5.51967227 5.06494396 -1.11533433 -0.24083429
28 9 4.46874835 5.61275315 0.37576533 0.47102481
28 10 5.54937377 9.00000000 1.32625749 2.20418164
28 11 7.85882982 7.16183773 0.48020093 0.84669754
28 12 1.00000000 7.54229366 -1.43467299 -2.11965763
28 13 5.23100797 8.87959954 2.13681170 -1.11796945
28 14 5.64330381 1.97229751 -0.50266055 -1.23077700
28 15 4.14523734 1.00000000 2.04753518 -1.93495131
28 16 4.17778500 1.52537438 -4.82221500 -1.92126976
28 17 5.92283858 7.88473320 0.75999792 1.66860400
28 18 6.19639375 2.70642106 -1.40180312 1.84362488
28 19 6.03886586 4.16832047 -0.92576750 1.58740938
29 0 1.18427872 3.20125507 -2.62388811 0.23702650
29 1 7.82571770 4.73355262 -1.43114018 -2.13322369
29 2 3.92847257 1.98333398 -0.22065001 -1.97024330
29 3 2.97976316 4.68606692 -1.99464273 -0.49200945
29 4 3.80406455 3.84016201 0.17273795 1.69158039
29 5 8.97642285 9.00000000 -4.08975098 3.74968129
29 6 1.26919180 3.61949211 -1.01084525 1.03498762
29 7 5.77362637 6.06310300 -3.22637363 2.43731278
29 8 3.90706458 6.36520488 -1.75152500 1.73077827
29 9 3.68412843 7.15625836 -0.88262604 1.63408689
29 10 6.87563126 6.79581836 1.32625749 -2.20418164
29 11 9.00000000 7.54610745 2.59072232 -0.05202363
29 12 2.43467299 5.42263603 1.43467299 -2.11965763
29 13 6.26083994 8.23301414 0.02629030 -0.21924828
29 14 6.41242589 1.00000000 1.64536837 -1.72721714
29 15 6.19277252 2.93495131 2.04753518 1.93495131
29 16 3.26993874 1.00000000 -1.79797018 -5.82029265
29 17 6.68283650 8.44666280 0.75999792 -1.66860400
29 18 5.29186399 3.00895073 -0.76561245 -0.12798767
29 19 6.27348361 4.68324945 0.33262387 0.42434731
30 0 3.43960939 3.43828157 2.62388811 0.23702650
30 1 9.00000000 5.62452345 2.18972902 1.80418897
30 2 3.70782257 1.98690932 -0.22065001 1.97024330
30 3 2.36638809 5.04814281 -0.59990925 0.37040227
30 4 6.37462920 2.86669477 2.63231621 -1.04210057
30 5 4.88667186 5.25031871 -4.08975098 -3.74968129
30 6 1.00000000 3.64809632 -2.40557873 0.17257590
30 7 4.36358107 7.48569094 -1.09813434 1.24833322
30 8 2.15553958 8.09598315 -1.75152500 1.73077827
30 9 1.84379982 9.00000000 -3.01086534 2.82306644
30 10 8.86988400 6.40509530 2.06009561 -0.21197432
30 11 6.40927768 7.49408383 -2.59072232 -0.05202363
30 12 1.47151928 5.96802603 -1.02490527 0.61402333
30 13 6.28713024 8.01376586 0.02629030 -0.21924828
30 14 8.05779425 2.72721714 1.64536837 1.72721714
30 15 4.90999493 1.24844742 -1.57333403 -2.00246135
30 16 1.47196855 6.82029265 -1.79797018 5.82029265
30 17 7.44283442 6.77805880 0.75999792 -1.66860400
30 18 4.52625154 2.88096306 -0.76561245 -0.12798767
30 19 5.93811224 3.29413817 -0.40121424 -1.56786001
31 0 2.90986138 1.00000000 -1.47373651 -5.58945993
31 1 6.81027098 7.42871242 -2.18972902 1.80418897
31 2 3.48717256 3.95715262 -0.22065001 1.97024330
31 3 1.76647884 5.41854507 -0.59990925 0.37040227
31 4 8.99305459 1.82459421 -2.63231621 -1.04210057
31 5 4.71355165 7.06976543 0.00787363 2.07680514
31 6 3.40557873 3.82067222 2.40557873 0.17257590
31 7 1.83910120 8.75658923 -2.56978210 1.27161498
31 8 1.00000000 8.76216458 -1.75152500 -1.73077827
31 9 1.00000000 8.20883112 -3.01086534 -2.82306644
31 10 7.07002039 6.19312098 -2.06009561 -0.21197432
31 11 5.24490089 7.41949513 -1.11907456 -0.07530539
31 12 1.55338599 6.58204936 1.02490527 0.61402333
31 13 6.31342055 7.79451758 0.02629030 -0.21924828
31 14 8.29683738 4.45443429 -1.64536837 1.72721714
31 15 3.33666090 2.75401392 -1.57333403 2.00246135
31 16 1.20137367 9.00000000 1.79797018 5.82029265
31 17 8.20283234 5.10945479 0.75999792 -1.66860400
31 18 3.76063909 2.75297539 -0.76561245 -0.12798767
31 19 5.53689799 1.72627816 -0.40121424 -1.56786001
32 0 1.43612488 6.58945993 -1.47373651 5.58945993
32 1 6.67709029 9.00000000 -0.01076777 2.18380506
32 2 3.56706141 5.45471699 0.75199209 0.44049959
32 3 1.00000000 6.17474275 -1.55991836 2.01031492
32 4 6.36073838 1.21750636 -2.63231621 1.04210057
32 5 2.66778946 8.78878854 -2.17108762 1.69718905
32 6 5.81115747 3.99324812 2.40557873 0.17257590
32 7 1.00000000 8.82819515 -2.56978210 -1.27161498
32 8 2.75152500 7.03138631 1.75152500 -1.73077827
32 9 4.01086534 5.38576467 3.01086534 -2.82306644
32 10 4.30344507 6.84304846 -2.84416819 0.74459040
32 11 4.12582632 7.34418974 -1.11907456 -0.07530539
32 12 2.27775240 7.66875161 0.05226317 2.14376704
32 13 6.33971085 7.57526930 0.02629030 -0.21924828
32 14 7.35794872 5.31974963 -0.86129578 0.77065242
32 15 2.17127434 4.05960874 -0.61332492 0.36254870
32 16 2.99934386 3.17970735 1.79797018 -5.82029265
32 17 8.96283026 3.44085079 0.75999792 -1.66860400
32 18 2.99502664 2.62498771 -0.76561245 -0.12798767
32 19 5.13568375 1.84158186 -0.40121424 1.56786001
33 0 1.19944653 9.00000000 1.47373651 5.58945993
33 1 6.66632252 6.81619494 -0.01076777 -2.18380506
33 2 4.31905350 5.89521658 0.75199209 0.44049959
33 3 2.55991836 8.18505767 1.55991836 2.01031492
33 4 4.20223509 2.13465805 -0.59848706 0.50576090
33 5 1.00000000 7.90746215 -2.17108762 -1.69718905
33 6 6.73573433 2.83379930 0.89697806 -1.18427140
33 7 3.56978210 7.55658018 2.56978210 -1.27161498
33 8 4.50305000 5.30060804 1.75152500 -1.73077827
33 9 7.02173067 2.56269823 3.01086534 -2.82306644
33 10 2.95447065 6.77450525 -1.19608000 -0.15169203
33 11 3.00675176 7.26888435 -1.11907456 -0.07530539
33 12 1.68818178 9.00000000 -1.59582502 3.04004947
33 13 6.36600116 7.35602102 0.02629030 -0.21924828
33 14 7.97765480 7.42242677 0.64730489 2.12749972
33 15 1.55794941 4.42215744 -0.61332492 0.36254870
33 16 2.39056936 1.00000000 -2.28114758 -4.57115608
33 17 8.27717182 1.77224679 -0.75999792 -1.66860400
33 18 1.75560127 2.62194891 -2.79944160 0.40835199
33 19 8.39811226 2.28753503 3.67790352 0.31872345
34 0 2.67318303 3.41054007 1.47373651 -5.58945993
34 1 7.39013647 5.29621049 1.18468173 -1.10351135
34 2 5.07104559 6.33571618 0.75199209 0.44049959
34 3 4.11983671 7.80462742 1.55991836 -2.01031492
34 4 3.60374803 2.64041895 -0.59848706 0.50576090
34 5 3.17108762 6.21027309 2.17108762 -1.69718905
34 6 7.63271239 1.64952791 0.89697806 -1.18427140
34 7 4.45100700 6.17443017 0.10573837 -1.43291430
34 8 5.51999328 2.90600916 0.55607551 -2.81107198
34 9 9.00000000 1.29217907 3.01086534 2.82306644
34 10 1.75839065 6.62281322 -1.19608000 -0.15169203
34 11 1.88767720 7.19357897 -1.11907456 -0.07530539
34 12 1.00000000 7.68901250 -1.59582502 -3.04004947
34 13 8.08084866 7.24730777 2.49033403 -0.05794895
34 14 8.62495969 8.45007350 0.64730489 -2.12749972
34 15 1.05537551 4.78470614 0.61332492 0.36254870
34 16 1.00000000 3.78654026 -2.28114758 4.57115608
34 17 7.51717390 1.89635721 -0.75999792 1.66860400
34 18 3.04384033 3.03030090 2.79944160 0.40835199
34 19 5.92398421 2.60625848 -3.67790352 0.31872345
35 0 4.14691954 4.17891987 1.47373651 5.58945993
35 1 8.57481820 4.19269914 1.18468173 -1.10351135
35 2 5.82303768 6.77621577 0.75199209 0.44049959
35 3 5.67975507 5.79431250 1.55991836 -2.01031492
35 4 1.00000000 3.10037600 -3.67067134 0.58820912
35 5 5.24203756 5.38263148 1.94000982 0.30937923
35 6 8.52969045 1.53474349 0.89697806 1.18427140
35 7 4.55674537 4.74151587 0.10573837 -1.43291430
35 8 3.82885411 1.00000000 -1.99764137 -1.93368885
35 9 5.98913466 4.11524551 -3.01086534 2.82306644
35 10 1.43768936 6.47112119 1.19608000 -0.15169203
35 11 1.23139737 7.11827358 1.11907456 -0.07530539
35 12 2.59582502 4.64896303 1.59582502 -3.04004947
35 13 7.42881731 7.18935882 -2.49033403 -0.05794895
35 14 8.72773542 6.32257378 -0.64730489 -2.12749972
35 15 1.66870044 5.14725484 0.61332492 0.36254870
35 16 3.28114758 8.35769634 2.28114758 4.57115608
35 17 9.00000000 2.71138446 1.79371896 0.79122088
35 18 5.94341962 2.56910546 3.03051940 -1.59821629
35 19 4.99806274 2.85112698 -0.60571924 0.23627523
36 0 2.09677220 6.83271837 -2.21277466 2.51831766
36 1 9.00000000 3.59359573 1.22376010 -2.05026969
36 2 6.57502977 7.21671536 0.75199209 0.44049959
36 3 9.00000000 6.36306797 5.24642953 1.06082736
36 4 4.67067134 3.68858512 3.67067134 0.58820912
36 5 6.18324761 4.04092984 0.59040653 -1.92160265
36 6 9.00000000 1.92585486 3.34161933 0.87701635
36 7 4.66248374 3.30860156 0.10573837 -1.43291430
36 8 1.83121274 2.93368885 -1.99764137 1.93368885
36 9 4.74221182 6.47725533 1.65486142 1.60354583
36 10 1.00000000 6.74042332 -3.46964676 1.06782858
36 11 2.24241483 7.54679032 1.00705461 0.44699376
36 12 1.97243607 2.71014645 -1.47528580 -1.51608276
36 13 5.93728306 8.78249073 -1.14073073 2.17303292
36 14 8.04637349 5.02017981 -0.68638326 -1.18074139
36 15 2.39008246 5.00598141 0.72534488 -0.15975044
36 16 5.56229517 5.07114758 2.28114758 -4.57115608
36 17 7.20628104 3.50260534 -1.79371896 0.79122088
36 18 7.21894348 1.19146601 0.58587813 -1.29096124
36 19 6.61155747 1.98616933 2.46539157 -1.28769148
37 0 1.80755701 9.00000000 2.21277466 2.51831766
37 1 7.77623990 1.54332604 -1.22376010 -2.05026969
37 2 7.32702186 7.65721495 0.75199209 0.44049959
37 3 3.75357047 7.42389533 -5.24642953 1.06082736
37 4 8.34134267 4.27679424 3.67067134 0.58820912
37 5 6.29175551 1.80783249 0.02763855 -2.28537053
37 6 5.65838067 2.80287121 -3.34161933 0.87701635
37 7 4.76822211 1.87568726 0.10573837 -1.43291430
37 8 1.00000000 3.60342597 -2.21894035 1.55334349
37 9 6.39707324 8.08080117 1.65486142 1.60354583
37 10 4.46964676 7.80825189 3.46964676 1.06782858
37 11 3.24946944 7.99378407 1.00705461 0.44699376
37 12 1.50284973 1.19406369 1.47528580 -1.51608276
37 13 4.79655232 7.04447635 -1.14073073 -2.17303292
37 14 7.84188885 4.15093312 -0.12361528 -0.81697350
37 15 3.30040306 5.16414774 0.94664386 0.22059492
37 16 3.15189927 4.78415134 -2.61101759 -0.10379524
37 17 9.00000000 1.31962830 3.09844622 -3.67613997
37 18 7.80482162 2.09949523 0.58587813 1.29096124
37 19 9.00000000 1.26133113 2.46539157 1.28769148
38 0 4.02033167 6.48168234 2.21277466 -2.51831766
38 1 6.55247979 2.50694364 -1.22376010 2.05026969
38 2 9.00000000 7.79438108 3.27339671 -0.01603796
38 3 3.49285905 8.48472268 5.24642953 1.06082736
38 4 5.98798599 4.86500336 -3.67067134 0.58820912
38 5 6.31939406 2.47753805 0.02763855 2.28537053
38 6 2.31676134 3.67988756 -3.34161933 0.87701635
38 7 4.87396048 1.55722705 0.10573837 1.43291430
38 8 3.21894035 5.15676946 2.21894035 1.55334349
38 9 8.05193466 8.31565300 1.65486142 -1.60354583
38 10 6.12907083 9.00000000 0.94824214 1.52436613
38 11 4.25652405 8.44077783 1.00705461 0.44699376
38 12 2.97813552 2.32201907 1.47528580 1.51608276
38 13 5.35979934 7.05336231 0.81119230 0.32637632
38 14 7.73861745 5.39698403 -0.10276157 1.29775205
38 15 2.54306917 3.20282376 -1.00527917 -2.27881432
38 16 1.45911832 4.68035610 2.61101759 -0.10379524
38 17 8.73060027 1.00000000 -3.09844622 -3.67613997
38 18 8.37035587 1.32743208 0.56502442 -0.82376431
38 19 6.53460843 2.54902261 -2.46539157 1.28769148
39 0 1.89996691 7.95271468 -2.51954203 1.83853906
39 1 5.32871969 4.55721333 -1.22376010 2.05026969
39 2 5.72660329 7.77834312 -3.27339671 -0.01603796
39 3 4.67611428 9.00000000 3.75726379 2.82011149
39 4 6.65045407 1.46386248 1.06164536 -3.76864761
39 5 6.34703261 4.76290858 0.02763855 2.28537053
39 6 3.02485799 4.55690391 3.34161933 0.87701635
39 7 6.07716032 2.53388331 1.24397701 0.95970358
39 8 5.43788071 6.71011296 2.21894035 1.55334349
39 9 9.00000000 7.61350023 2.46673429 -0.28809442
39 10 7.07731297 7.47563387 0.94824214 -1.52436613
39 11 5.26357866 8.88777158 1.00705461 0.44699376
39 12 3.35595986 4.29435987 0.33704716 1.98929348
39 13 7.46716967 5.84844807 2.30035804 -1.43290781
39 14 7.16445865 5.93094637 -0.91463444 -0.01769937
39 15 1.53778999 1.07599056 -1.00527917 2.27881432
39 16 2.80915071 5.50073914 -1.35492724 2.80285271
39 17 5.63215405 4.67613997 -3.09844622 3.67613997
39 18 8.93538029 1.49633223 0.56502442 0.82376431
39 19 5.33020206 2.91253582 1.50055326 -1.61895647
40 0 1.53523750 9.00000000 2.51954203 1.83853906
40 1 8.31521286 6.77349099 3.28834371 2.22817946
40 2 3.63288919 8.22331554 -0.65344258 1.00781884
40 3 8.43337807 6.17988851 3.75726379 -2.82011149
40 4 7.71209943 4.30478513 1.06164536 3.76864761
40 5 5.33195471 5.14797206 -1.36601781 -0.25450981
40 6 2.15622405 5.26791229 -1.17048448 0.69910658
40 7 7.32113733 3.49358689 1.24397701 0.95970358
40 8 6.67929850 9.00000000 2.09621643 3.94292680
40 9 6.53326571 7.32540581 -2.46673429 -0.28809442
40 10 9.00000000 7.82197029 2.34189850 1.01551421
40 11 6.27063327 8.66523466 1.00705461 -0.44699376
40 12 3.69300701 6.28365336 0.33704716 1.98929348
40 13 8.23247229 4.41554026 -2.30035804 -1.43290781
40 14 6.24982421 5.91324700 -0.91463444 -0.01769937
40 15 1.46748918 3.35480488 1.00527917 2.27881432
40 16 1.00000000 7.51789534 -3.97488137 1.77899591
40 17 2.65431550 6.00390250 -2.97572230 1.28655666
40 18 8.49959529 2.32009654 -0.56502442 0.82376431
40 19 6.83075532 1.29357935 1.50055326 -1.61895647
40 0 1.53523750 9.00000000 2.51954203 1.83853906 16 21
40 1 8.31521286 6.77349099 3.28834371 2.22817946 16 20
40 2 3.63288919 8.22331554 -0.65344258 1.00781884 13 14
40 3 8.43337807 6.17988851 3.75726379 -2.82011149 13 15
40 4 7.71209943 4.30478513 1.06164536 3.76864761 13 16
40 5 5.33195471 5.14797206 -1.36601781 -0.25450981 15 18
40 6 2.15622405 5.26791229 -1.17048448 0.69910658 18 13
40 7 7.32113733 3.49358689 1.24397701 0.95970358 14 14
40 8 6.67929850 9.00000000 2.09621643 3.94292680 15 16
40 9 6.53326571 7.32540581 -2.46673429 -0.28809442 15 13
40 10 9.00000000 7.82197029 2.34189850 1.01551421 16 18
40 11 6.27063327 8.66523466 1.00705461 -0.44699376 14 19
40 12 3.69300701 6.28365336 0.33704716 1.98929348 17 20
40 13 8.23247229 4.41554026 -2.30035804 -1.43290781 15 17
40 14 6.24982421 5.91324700 -0.91463444 -0.01769937 16 15
40 15 1.46748918 3.35480488 1.00527917 2.27881432 12 11
40 16 1.00000000 7.51789534 -3.97488137 1.77899591 19 18
40 17 2.65431550 6.00390250 -2.97572230 1.28655666 13 20
40 18 8.49959529 2.32009654 -0.56502442 0.82376431 15 17
40 19 6.83075532 1.29357935 1.50055326 -1.61895647 19 16
Thread number:1
